1 1000
0.736871 0.731562 0.015530
0.770224 0.753350 0.012655
0.749167 0.744337 0.014777
0.738591 0.740216 0.015486
0.821956 0.837465 0.027789
0.965756 0.919094 0.012776
0.975016 0.835538 0.015912
0.789014 0.804097 0.012464
0.798190 0.815812 0.011057
0.819949 0.806965 0.013265
0.735715 0.737717 0.013302
0.956633 1.000382 0.020580
0.875672 1.056410 0.011122
0.876583 0.858401 0.008665
0.850784 0.869171 0.011966
0.881277 0.932607 0.031142
0.837938 0.865592 0.011271
1.041011 0.981894 0.009925
1.008255 0.970638 0.025377
0.940245 0.961430 0.018588
0.904421 0.958514 0.015962
0.963586 0.822864 0.012289
0.839730 0.951915 0.010063
0.776758 0.746494 0.025895
0.754985 0.735843 0.013853
2 1000
0.448119 0.459575 0.022013
0.519125 0.495838 0.008840
0.491662 0.525365 0.013953
0.463020 0.462692 0.021853
0.477234 0.469816 0.012826
0.457798 0.448843 0.016881
0.479823 0.473198 0.012651
0.457141 0.456929 0.024952
0.450580 0.452203 0.009219
0.463344 0.460455 0.008345
0.463065 0.468018 0.010873
0.472085 0.470442 0.008396
0.452441 0.449544 0.016206
0.733713 0.520386 0.009660
0.467401 0.464830 0.006896
0.460508 0.462806 0.011211
0.455383 0.456205 0.014287
0.482494 0.451885 0.016963
0.458621 0.455548 0.014473
0.477001 0.466801 0.008716
0.449711 0.453640 0.019160
0.467602 0.462992 0.012324
0.522123 0.450165 0.014126
0.449293 0.449341 0.007523
0.472763 0.468154 0.010010
4 1000
0.449843 0.453988 0.011965
0.448335 0.448075 0.011915
0.449623 0.457965 0.008945
0.450335 0.455825 0.010549
0.455907 0.454441 0.010466
0.450864 0.445073 0.009031
0.441242 0.443784 0.014664
0.440889 0.440988 0.021587
0.453484 0.442854 0.020227
0.448643 0.449241 0.016100
0.459578 0.448458 0.009015
0.447976 0.445307 0.014584
0.439154 0.439957 0.027537
0.449199 0.450644 0.017018
0.456920 0.464624 0.028187
0.453017 0.437987 0.010748
0.462373 0.448834 0.009784
0.444987 0.449794 0.009303
0.448153 0.442594 0.017769
0.438597 0.450865 0.015780
0.447827 0.454670 0.016522
0.441716 0.435220 0.020841
0.448025 0.454966 0.015861
0.448353 0.448102 0.010494
0.452035 0.456139 0.012742
8 1000
0.233689 0.233219 0.012992
0.227825 0.234632 0.023093
0.229334 0.227146 0.022154
0.231221 0.232408 0.012578
0.235647 0.225708 0.012461
0.233413 0.230107 0.018886
0.228495 0.231844 0.023001
0.226206 0.228415 0.012055
0.228589 0.229074 0.022010
0.235325 0.234749 0.026821
0.231308 0.233411 0.012806
0.232897 0.229859 0.011255
0.234229 0.234946 0.017288
0.232046 0.228155 0.022307
0.231314 0.235566 0.012383
0.234656 0.228155 0.013763
0.231634 0.229987 0.024847
0.229810 0.237745 0.018296
0.237527 0.235352 0.021108
0.229982 0.234023 0.011195
0.225214 0.231509 0.019429
0.228665 0.227042 0.014135
0.229299 0.228377 0.012715
0.236176 0.234182 0.016352
0.232097 0.231895 0.014299
1 2000
1.608624 1.610585 0.008518
1.608042 1.629113 0.015208
1.588068 1.594859 0.014829
1.604033 1.577263 0.012816
1.660533 1.656451 0.008579
1.625419 1.598153 0.012638
1.623055 1.580136 0.013359
1.606266 1.601101 0.009525
1.612176 1.587599 0.013311
1.630173 1.639140 0.017701
1.611784 1.602493 0.009802
1.597545 1.599611 0.015081
1.597821 1.590623 0.016135
1.567346 1.576552 0.009293
1.608986 1.607983 0.021474
1.603754 1.592931 0.018793
1.600011 1.594140 0.017262
1.582687 1.605402 0.008423
1.613133 1.585370 0.007068
1.652704 1.607354 0.011008
1.644153 1.578447 0.028568
1.596021 1.608599 0.021415
1.595997 1.592606 0.021388
1.595371 1.595973 0.013665
1.613852 1.594730 0.011016
2 2000
0.988162 1.015914 0.012776
0.984265 1.018026 0.013072
1.006500 1.025300 0.009858
0.982175 0.981386 0.011274
1.025546 1.029260 0.014274
0.995112 0.993821 0.019228
0.996920 0.990918 0.015304
1.000278 0.996849 0.018123
1.016008 1.000183 0.007626
1.021165 1.003068 0.020215
0.992050 0.994317 0.016733
0.997072 0.989376 0.017435
1.009817 1.013934 0.011865
0.998287 0.977328 0.012887
0.998526 0.983028 0.007577
1.001459 0.997024 0.017698
1.003747 0.991455 0.035923
0.993772 1.001108 0.020464
1.001945 0.996107 0.019859
1.031373 1.022040 0.024623
0.987425 0.991969 0.017605
1.005169 1.021916 0.012033
1.050421 1.009330 0.011854
1.006875 1.002100 0.016327
1.026228 1.008777 0.023110
4 2000
0.895612 0.888903 0.016979
0.892592 0.898864 0.017331
0.896443 0.904580 0.019363
0.894111 0.923233 0.017010
0.898391 0.871715 0.011630
0.896701 0.885671 0.027310
0.897399 0.912094 0.010878
0.913371 0.896558 0.009236
0.889351 0.907862 0.012238
0.924142 0.913591 0.017413
0.888895 0.887550 0.009405
0.899426 0.892646 0.013269
0.908023 0.893152 0.019169
0.901651 0.892053 0.019935
0.880872 0.879854 0.026609
0.896485 0.897714 0.019411
0.893748 0.915982 0.014422
0.897320 0.902644 0.007555
0.894185 0.884070 0.011899
0.914587 0.907094 0.011871
0.896878 0.906840 0.008726
0.882306 0.881112 0.010905
0.909588 0.903244 0.013810
0.896113 0.906544 0.011487
0.890590 0.914764 0.020647
8 2000
0.457908 0.456945 0.011218
0.461329 0.464709 0.011407
0.456820 0.473469 0.029504
0.451621 0.468214 0.012699
0.453103 0.464513 0.019866
0.452279 0.455497 0.008481
0.464001 0.460632 0.010636
0.459833 0.460142 0.012021
0.468478 0.456825 0.012599
0.465944 0.473651 0.007681
0.454474 0.462929 0.011665
0.461422 0.467239 0.016789
0.460610 0.454524 0.013757
0.449205 0.445855 0.010232
0.452870 0.465898 0.010127
0.453794 0.454029 0.013188
0.459391 0.467902 0.013477
0.465787 0.459077 0.010405
0.457052 0.457363 0.010983
0.463189 0.472535 0.008690
0.462518 0.465383 0.022139
0.470070 0.462437 0.013812
0.467809 0.451750 0.008600
0.464909 0.448528 0.011082
0.454724 0.457482 0.011675
1 3000
2.416161 2.475930 0.010546
2.420080 2.392859 0.013276
2.425986 2.407667 0.019257
2.437954 2.422037 0.011652
2.419299 2.434018 0.009359
2.439348 2.452184 0.013900
2.423000 2.425535 0.019243
2.431317 2.379806 0.006776
2.563119 2.545937 0.008729
2.477757 2.442404 0.031515
2.419662 2.409151 0.012694
2.421213 2.398530 0.009579
2.451505 2.430201 0.012511
2.509468 2.485462 0.010566
2.550780 2.556166 0.019803
2.436733 2.436649 0.012531
2.420160 2.427240 0.012997
2.418709 2.434457 0.013404
2.439342 2.456138 0.018562
2.445923 2.422073 0.022790
2.435221 2.464141 0.019520
2.421225 2.412827 0.011720
2.431211 2.442741 0.010720
2.395528 2.398504 0.021881
2.369965 2.369521 0.010031
2 3000
1.492099 1.493752 0.011554
1.501371 1.511364 0.019390
1.541267 1.496819 0.030055
1.502300 1.510622 0.015520
1.499114 1.513250 0.015925
1.587064 1.568433 0.010207
1.499812 1.510056 0.024395
1.520115 1.505094 0.012253
1.512800 1.505918 0.011097
1.658745 1.547285 0.019057
1.506092 1.527365 0.018339
1.554251 1.535086 0.013291
1.529773 1.539734 0.011682
1.506776 1.555829 0.021312
1.555043 1.548399 0.027092
1.533957 1.558215 0.015367
1.515384 1.509024 0.023368
1.508727 1.520606 0.010046
1.569517 1.547267 0.019461
1.499638 1.507005 0.015550
1.544509 1.534700 0.014113
1.496994 1.525172 0.019671
1.488067 1.509161 0.013002
1.549393 1.530373 0.010902
1.523235 1.499246 0.013926
4 3000
1.341663 1.338857 0.012542
1.327280 1.342323 0.022565
1.348488 1.362241 0.020044
1.331320 1.330260 0.010126
1.383051 1.335060 0.014325
1.317660 1.333454 0.011717
1.342574 1.322130 0.008992
1.381377 1.361239 0.019432
1.352989 1.350163 0.017872
1.374265 1.350119 0.030899
1.348904 1.361187 0.011803
1.358829 1.395992 0.017526
1.310340 1.334783 0.011729
1.344587 1.347798 0.014108
1.368758 1.325388 0.014989
1.330415 1.354565 0.009169
1.352130 1.371885 0.021434
1.347283 1.353498 0.013039
1.333707 1.360886 0.012797
1.328844 1.351543 0.012504
1.344874 1.341918 0.016580
1.369624 1.313186 0.016219
1.360891 1.359088 0.011139
1.354486 1.362929 0.015711
1.347703 1.336559 0.010192
8 3000
0.681216 0.703263 0.023258
0.697965 0.700520 0.026484
0.698900 0.698575 0.013749
0.704228 0.688127 0.017389
0.695067 0.688567 0.018992
0.689062 0.687245 0.013381
0.687046 0.698276 0.007496
0.682604 0.703191 0.010351
0.699625 0.690840 0.011017
0.697903 0.679195 0.011563
0.684832 0.683470 0.017069
0.700498 0.700373 0.022181
0.686775 0.683845 0.009257
0.688022 0.692863 0.016901
0.691045 0.703211 0.013148
0.697460 0.694209 0.021254
0.693537 0.675015 0.014732
0.687273 0.695752 0.016388
0.686366 0.690699 0.018055
0.683359 0.668548 0.020107
0.689623 0.701730 0.012597
0.699918 0.700715 0.018809
0.667634 0.686882 0.008064
0.700398 0.693832 0.013877
0.694733 0.691306 0.012150
1 4000
3.279214 3.251908 0.013303
3.391639 3.363303 0.025865
3.263596 3.244687 0.013402
3.298635 3.257327 0.019660
3.255662 3.265763 0.020540
3.270526 3.235238 0.008988
3.241948 3.239295 0.018001
3.348724 3.317370 0.011936
3.336373 2.852221 0.017531
3.011736 3.152879 0.016803
2.997307 3.000684 0.013343
2.793738 2.790143 0.007867
2.796923 2.806464 0.014643
2.777110 2.747336 0.016925
2.785864 2.751010 0.011808
2.775342 2.761477 0.018286
2.793361 2.783517 0.009048
3.719213 3.331521 0.009227
3.590674 3.920227 0.019948
3.117951 2.910025 0.020849
3.980343 4.758743 0.016290
3.691010 3.958183 0.016879
2.862936 2.836017 0.013190
2.915737 3.526866 0.010156
2.866603 2.884331 0.011924
2 4000
1.813558 1.831625 0.008554
1.675550 1.674109 0.014656
1.768717 1.932177 0.015234
1.948704 1.807020 0.017948
1.723185 1.741222 0.011761
1.825740 1.812603 0.009531
1.684823 1.767596 0.009731
2.129939 1.872689 0.013217
1.708646 2.570589 0.010584
1.974541 1.767495 0.035111
1.918518 1.899158 0.020954
1.826755 1.701576 0.022480
2.157928 1.751697 0.010300
1.727234 1.741284 0.008291
1.834430 1.979882 0.015711
1.768597 1.716403 0.015105
1.684824 1.968958 0.014811
2.446687 2.285268 0.013355
2.615748 2.147781 0.011509
1.940531 2.051075 0.025572
1.917807 1.890577 0.015618
2.139370 2.252815 0.026159
2.253763 2.178549 0.013428
1.874467 1.910710 0.008483
1.817519 1.700774 0.023834
4 4000
1.717933 1.689996 0.014031
1.636519 1.695466 0.026475
1.682761 1.673750 0.024202
1.656464 1.825856 0.008840
1.634987 1.786597 0.021683
1.739755 1.613729 0.010591
1.785873 1.818375 0.014604
1.786677 1.718627 0.024783
1.671558 1.670729 0.019150
1.837516 1.793943 0.010120
1.821499 1.748427 0.019230
1.694576 1.821059 0.011167
1.815608 1.762688 0.017050
1.926077 1.898478 0.021979
1.716590 1.690515 0.031556
1.684283 1.676977 0.018096
1.700018 1.714605 0.012801
1.694300 1.707273 0.016845
1.689567 1.725145 0.012422
1.889271 1.808852 0.012072
1.715167 1.742817 0.010065
1.766243 1.723946 0.013926
1.690420 1.722534 0.007237
1.861196 1.731784 0.028341
1.700907 1.678671 0.012374
8 4000
0.962050 0.897416 0.019064
0.951027 0.983788 0.018027
0.970250 0.971265 0.008516
0.974401 0.918695 0.015034
0.837386 0.948491 0.017800
1.019637 0.905695 0.010920
1.008362 1.002724 0.013314
0.985847 0.925432 0.014417
0.909846 0.966560 0.009695
0.937786 0.876953 0.016183
0.885250 0.919914 0.012220
0.888435 0.964063 0.017844
0.969809 1.015661 0.015930
0.979810 0.941721 0.020277
0.918454 0.983988 0.009879
0.990467 0.939316 0.016481
0.964156 0.959261 0.011825
1.027901 0.997546 0.020313
0.949612 0.920267 0.019788
1.023006 0.979051 0.018426
1.011519 0.956487 0.014052
0.992159 1.106866 0.018585
0.947518 0.813266 0.017771
0.961529 0.971363 0.016167
0.836213 0.874761 0.013533
1 5000
4.951344 6.084270 0.010663
5.911377 5.778772 0.031733
5.112216 5.051395 0.021002
4.166205 4.542740 0.011884
3.751978 3.743296 0.019130
5.025285 6.052682 0.019800
5.756912 5.531457 0.018376
5.909445 5.918381 0.019038
5.823337 5.187482 0.012892
4.961418 4.414493 0.011219
5.736926 5.721885 0.016464
5.527322 5.833180 0.014563
5.636420 4.656373 0.043438
5.662715 5.727670 0.013163
5.642067 5.449021 0.016260
5.907121 5.835045 0.018877
5.901163 5.520589 0.027725
4.962332 4.081227 0.013565
4.282795 4.374019 0.010431
4.045245 4.074135 0.009343
4.829964 3.972672 0.007996
3.674888 3.530217 0.014063
4.199267 5.407540 0.016747
4.383172 4.289014 0.019475
3.863376 3.845725 0.010341
2 5000
2.708299 3.828615 0.012508
3.543352 3.496105 0.011651
3.553268 3.522743 0.035725
3.902855 3.962311 0.016590
3.032074 3.141399 0.028119
2.806205 3.234064 0.019999
2.796647 2.620893 0.021923
3.371138 3.190014 0.017100
2.889642 2.720632 0.028263
3.462936 2.804636 0.026974
2.817782 2.863280 0.013834
2.501545 3.315920 0.016361
2.798558 2.449649 0.018038
3.411055 2.924683 0.022963
2.373489 2.565126 0.020225
2.607859 2.252658 0.017931
2.256239 2.546139 0.013069
2.684389 3.111442 0.012403
3.461699 2.637326 0.053416
2.555882 2.963913 0.019058
3.030788 2.750088 0.015473
2.645149 2.850468 0.023514
2.908563 2.850938 0.015180
3.167634 2.907148 0.013721
3.062337 2.558532 0.016719
4 5000
2.228386 2.166474 0.009957
2.054187 2.071374 0.018785
2.079020 2.127779 0.008533
2.221140 2.167494 0.013576
2.189404 2.219109 0.012699
2.144699 2.191918 0.013404
2.176599 2.174004 0.009281
2.161321 2.162641 0.011009
2.190138 2.177127 0.027394
2.221048 2.185411 0.015561
2.176059 2.199212 0.014535
2.166907 2.158689 0.018116
2.174884 2.199361 0.014761
2.173682 2.161142 0.007894
2.181869 2.187620 0.021074
2.160047 2.167311 0.016087
2.196729 2.184608 0.011605
2.210983 2.179307 0.010397
2.179456 2.102011 0.011921
2.128206 2.116446 0.023382
2.114634 2.138709 0.010164
2.123919 2.168681 0.017670
2.243062 2.221827 0.017013
2.191261 2.201736 0.013841
2.241568 2.279584 0.011421
8 5000
1.161699 1.156904 0.017348
1.137113 1.160504 0.011753
1.114655 1.136929 0.018638
1.139457 1.153037 0.018083
1.148824 1.149370 0.012878
1.157386 1.150193 0.015270
1.170764 1.193234 0.011486
1.173063 1.160017 0.013578
1.119080 1.170032 0.013826
1.139446 1.142870 0.010657
1.104917 1.148189 0.025252
1.171455 1.141838 0.013996
1.148925 1.160359 0.009119
1.170532 1.152749 0.010099
1.135607 1.146153 0.017864
1.177016 1.149717 0.020221
1.145396 1.126968 0.011153
1.165991 1.144326 0.017289
1.140465 1.141111 0.010410
1.096082 1.170295 0.019123
1.139335 1.145660 0.012599
1.167358 1.169536 0.014019
1.158149 1.128224 0.014345
1.119220 1.150636 0.024032
1.156960 1.148924 0.018567
1 6000
4.802508 4.860029 0.010057
4.973552 4.811200 0.018300
4.793597 4.877778 0.016516
4.931023 4.913318 0.013423
4.914691 4.906965 0.012511
4.898575 4.829290 0.024731
4.824864 4.850940 0.025534
4.829340 4.797604 0.010680
4.883957 4.877322 0.012978
4.784871 4.815432 0.034267
4.910941 4.897464 0.013119
4.790142 4.760249 0.015551
4.877258 4.807366 0.009101
4.887521 4.832909 0.020654
4.898009 4.875444 0.013779
4.865605 4.927974 0.015971
4.850880 4.813240 0.008656
4.864894 4.854994 0.017145
4.828514 4.822698 0.019847
4.789761 4.927207 0.023068
4.958250 4.838954 0.030671
4.849906 4.795892 0.013351
4.867452 4.837677 0.025563
4.988822 5.038350 0.018691
4.883083 4.861804 0.008956
2 6000
3.077636 3.016550 0.014109
3.025244 3.003240 0.015689
3.023531 3.026282 0.008269
2.943476 2.996664 0.008210
3.031529 3.073611 0.013160
3.162305 3.095928 0.011056
3.069891 3.133662 0.007224
3.045100 3.042448 0.018150
3.041657 3.066061 0.013465
3.026696 3.014785 0.016490
3.146717 3.244240 0.015838
3.075659 3.048277 0.012668
2.998892 3.045535 0.011562
3.036044 3.048867 0.017476
3.016964 2.994374 0.019758
3.182018 3.081657 0.013999
3.060863 3.058788 0.008607
3.110497 2.992879 0.011012
3.024032 3.117993 0.019847
3.034693 3.023129 0.013912
3.128096 3.112492 0.008635
3.075209 3.123660 0.027043
3.035998 3.059638 0.021693
3.024401 2.972808 0.017538
3.172509 3.055985 0.019094
4 6000
2.684504 2.657937 0.016224
2.701883 2.687033 0.009522
2.719833 2.716089 0.008378
2.661873 2.661171 0.022700
2.754135 2.692647 0.014628
2.672295 2.693916 0.013338
2.665860 2.657638 0.020671
2.739823 2.656367 0.009177
2.704679 2.725363 0.014477
2.686146 2.707352 0.031572
2.674538 2.711200 0.014023
2.700665 2.727889 0.011273
2.695537 2.695687 0.017879
2.666193 2.683502 0.008972
2.694578 2.658510 0.018786
2.712368 2.714957 0.017333
2.759149 2.763902 0.027667
2.718830 2.664890 0.014856
2.667990 2.703996 0.018970
2.736683 2.706592 0.017449
2.663086 2.689443 0.019277
2.658085 2.680318 0.013827
2.699885 2.669004 0.012954
2.697383 2.740015 0.014084
2.546317 2.578340 0.014703
8 6000
1.341857 1.371072 0.038652
1.351112 1.340543 0.015265
1.275192 1.298929 0.013873
1.325056 1.298679 0.025352
1.298195 1.299361 0.009255
1.392654 1.406766 0.026280
1.388080 1.374413 0.014245
1.432327 1.434283 0.016236
1.411332 1.434702 0.017317
1.430397 1.365407 0.015388
1.370693 1.387323 0.023812
1.424464 1.415890 0.011095
1.419876 1.411457 0.012123
1.419016 1.401621 0.024934
1.421897 1.424930 0.012280
1.410920 1.401280 0.010833
1.400226 1.406792 0.017443
1.424171 1.419094 0.011970
1.393404 1.412003 0.010665
1.378742 1.384437 0.014575
1.414891 1.341296 0.022077
1.359310 1.389053 0.009058
1.355106 1.357362 0.011492
1.392278 1.338944 0.010749
1.382798 1.376692 0.014082
