desc: I1 cache:         32768 B, 64 B, 8-way associative
desc: D1 cache:         32768 B, 64 B, 8-way associative
desc: LL cache:         3145728 B, 64 B, 12-way associative
cmd: ./run2
events: Ir I1mr ILmr Dr D1mr DLmr Dw D1mw DLmw 
fl=/build/glibc-9tT8Do/glibc-2.23/csu/../csu/init-first.c
fn=_init
52 8 1 1 0 0 0 4 0 0
58 4 1 1 1 0 0 1 1 1
65 5 1 1 4 0 0 0 0 0
70 1 0 0 0 0 0 1 1 1
71 1 0 0 0 0 0 1 1 1
72 2 0 0 1 0 0 1 1 1
86 4 0 0 0 0 0 1 0 0
94 1 0 0 0 0 0 1 0 0
99 6 0 0 5 0 0 0 0 0
fl=/build/glibc-9tT8Do/glibc-2.23/csu/../csu/libc-start.c
fn=(below main)
134 10 1 1 0 0 0 8 0 0
138 7 1 1 1 0 0 1 0 0
220 2 1 1 0 0 0 0 0 0
221 4 0 0 0 0 0 1 0 0
243 4 0 0 2 0 0 0 0 0
246 2 0 0 0 0 0 0 0 0
247 5 0 0 4 0 0 1 0 0
251 4 1 1 2 0 0 0 0 0
266 2 0 0 0 0 0 0 0 0
278 2 0 0 0 0 0 1 0 0
279 2 0 0 0 0 0 0 0 0
284 2 0 0 1 1 0 1 0 0
285 2 0 0 1 1 0 1 0 0
288 2 0 0 0 0 0 1 0 0
291 6 0 0 5 0 0 1 0 0
325 2 1 1 0 0 0 1 0 0
fl=/build/glibc-9tT8Do/glibc-2.23/csu/../sysdeps/generic/dl-hash.h
fn=_init
45 12 0 0 4 0 0 0 0 0
48 12 0 0 0 0 0 0 0 0
62 16 0 0 0 0 0 0 0 0
fl=/build/glibc-9tT8Do/glibc-2.23/csu/../sysdeps/unix/sysv/linux/x86_64/init-first.c
fn=_init
36 11 2 2 0 0 0 4 0 0
38 4 0 0 0 0 0 1 0 0
39 2 0 0 0 0 0 0 0 0
40 2 1 1 0 0 0 0 0 0
41 2 1 1 1 0 0 0 0 0
42 1 0 0 0 0 0 1 0 0
44 3 0 0 0 0 0 1 0 0
45 2 0 0 1 0 0 0 0 0
46 1 0 0 0 0 0 1 0 0
fl=/build/glibc-9tT8Do/glibc-2.23/ctype/ctype-info.c
fn=__ctype_init
31 7 2 2 5 2 0 1 0 0
33 4 0 0 2 0 0 1 0 0
35 5 0 0 3 0 0 1 0 0
fl=/build/glibc-9tT8Do/glibc-2.23/elf/../elf/dl-runtime.c
fn=_dl_fixup
66 27 1 1 0 0 0 9 0 0
68 9 0 0 9 0 0 0 0 0
69 18 0 0 18 6 4 0 0 0
71 36 1 1 9 4 2 0 0 0
72 9 0 0 9 3 2 0 0 0
73 63 0 0 18 7 5 9 0 0
74 27 0 0 18 4 2 0 0 0
79 18 0 0 0 0 0 0 0 0
83 18 2 2 9 7 5 0 0 0
87 27 0 0 9 3 2 0 0 0
91 9 0 0 9 4 2 0 0 0
92 45 0 0 18 6 4 0 0 0
94 36 0 0 9 4 2 0 0 0
100 9 0 0 0 0 0 0 0 0
101 27 1 1 9 2 1 0 0 0
111 90 0 0 18 4 2 27 0 0
115 45 2 2 27 0 0 0 0 0
125 54 0 0 18 0 0 0 0 0
133 9 0 0 9 0 0 0 0 0
141 36 0 0 9 0 0 0 0 0
145 27 0 0 9 3 2 0 0 0
149 27 0 0 18 0 0 0 0 0
fl=/build/glibc-9tT8Do/glibc-2.23/elf/../elf/dl-sysdep.c
fn=_dl_sysdep_start
86 8 1 1 0 0 0 6 0 0
110 1 0 0 0 0 0 1 0 0
111 221 1 1 72 9 9 4 3 3
114 2 0 0 0 0 0 1 1 1
115 1 0 0 0 0 0 1 0 0
117 132 5 5 34 6 6 17 0 0
118 107 0 0 18 2 2 0 0 0
121 1 0 0 1 0 0 0 0 0
122 1 0 0 0 0 0 0 0 0
124 1 0 0 1 0 0 0 0 0
125 1 0 0 0 0 0 0 0 0
127 1 1 1 1 0 0 0 0 0
128 2 0 0 0 0 0 0 0 0
130 1 0 0 1 0 0 0 0 0
131 2 0 0 0 0 0 0 0 0
151 1 0 0 1 0 0 0 0 0
152 2 0 0 0 0 0 0 0 0
154 1 0 0 1 0 0 0 0 0
155 2 0 0 0 0 0 0 0 0
157 2 1 1 1 0 0 1 0 0
158 2 0 0 0 0 0 0 0 0
163 2 1 1 1 0 0 1 0 0
164 2 0 0 0 0 0 1 0 0
179 2 1 1 1 0 0 1 0 0
180 2 0 0 0 0 0 1 0 0
231 2 0 0 0 0 0 0 0 0
232 2 0 0 0 0 0 2 0 0
234 5 0 0 0 0 0 1 0 0
246 3 1 1 1 0 0 0 0 0
249 5 0 0 1 0 0 1 0 0
250 1 1 0 1 1 0 0 0 0
251 8 0 0 7 1 0 0 0 0
fn=_dl_sysdep_start_cleanup
256 1 0 0 1 0 0 0 0 0
fl=/build/glibc-9tT8Do/glibc-2.23/elf/../misc/sbrk.c
fn=sbrk
34 4 0 0 0 0 0 2 0 0
42 6 1 1 2 1 1 0 0 0
46 2 0 0 0 0 0 0 0 0
62 5 0 0 3 0 0 0 0 0
fl=/build/glibc-9tT8Do/glibc-2.23/elf/../sysdeps/posix/dl-fileid.h
fn=_dl_map_object_from_fd
37 12 1 1 0 0 0 2 0 0
40 2 0 0 2 0 0 0 0 0
41 4 0 0 2 0 0 2 0 0
49 12 0 0 6 1 1 0 0 0
fl=/build/glibc-9tT8Do/glibc-2.23/elf/../sysdeps/unix/sysv/linux/dl-osinfo.h
fn=dl_main
77 1 0 0 1 0 0 0 0 0
fl=/build/glibc-9tT8Do/glibc-2.23/elf/../sysdeps/unix/sysv/linux/dl-sysdep.c
fn=_dl_discover_osversion
45 7 1 1 0 0 0 6 0 0
47 3 1 1 1 0 0 0 0 0
87 5 1 1 0 0 0 1 1 1
102 1 0 0 0 0 0 0 0 0
106 1 0 0 0 0 0 0 0 0
107 1 0 0 0 0 0 0 0 0
109 12 0 0 3 1 1 0 0 0
111 6 0 0 0 0 0 0 0 0
113 12 0 0 3 0 0 0 0 0
119 3 0 0 0 0 0 0 0 0
120 3 1 1 0 0 0 0 0 0
121 3 0 0 0 0 0 0 0 0
123 13 0 0 0 0 0 0 0 0
128 2 0 0 0 0 0 0 0 0
132 8 1 1 7 0 0 0 0 0
fn=_dl_sysdep_start
35 2 1 1 0 0 0 1 1 1
fl=/build/glibc-9tT8Do/glibc-2.23/elf/../sysdeps/unix/sysv/linux/dl-vdso.c
fn=_dl_vdso_vsym
27 10 1 1 10 1 0 0 0 0
28 10 1 1 5 0 0 0 0 0
31 10 0 0 0 0 0 0 0 0
fl=/build/glibc-9tT8Do/glibc-2.23/elf/../sysdeps/unix/sysv/linux/x86_64/brk.c
fn=brk
31 7 1 1 0 0 0 1 1 1
33 2 1 1 0 0 0 0 0 0
39 1 0 0 0 0 0 0 0 0
40 1 0 0 1 0 0 0 0 0
fl=/build/glibc-9tT8Do/glibc-2.23/elf/../sysdeps/x86/cpu-features.c
fn=_dl_sysdep_start
29 5 1 1 0 0 0 3 0 0
32 1 1 1 0 0 0 1 0 0
33 3 0 0 0 0 0 0 0 0
34 3 0 0 0 0 0 0 0 0
35 3 0 0 0 0 0 0 0 0
36 2 0 0 0 0 0 0 0 0
41 2 0 0 0 0 0 0 0 0
61 3 0 0 0 0 0 1 0 0
64 10 1 1 0 0 0 0 0 0
68 3 0 0 0 0 0 0 0 0
73 3 0 0 0 0 0 0 0 0
76 1 0 0 0 0 0 0 0 0
77 8 1 1 1 1 1 0 0 0
112 2 1 1 1 0 0 0 0 0
134 2 1 1 1 1 1 0 0 0
175 3 1 1 1 0 0 0 0 0
176 1 0 0 1 0 0 0 0 0
179 2 0 0 0 0 0 0 0 0
180 1 0 0 1 0 0 0 0 0
182 2 0 0 1 0 0 0 0 0
183 7 1 1 0 0 0 4 0 0
190 3 0 0 1 0 0 0 0 0
194 2 0 0 0 0 0 0 0 0
196 4 0 0 0 0 0 0 0 0
200 2 1 1 0 0 0 0 0 0
201 1 0 0 1 0 0 0 0 0
207 3 0 0 1 0 0 0 0 0
209 1 0 0 1 0 0 0 0 0
212 3 1 1 0 0 0 0 0 0
228 2 0 0 0 0 0 0 0 0
229 1 0 0 1 0 0 0 0 0
231 2 0 0 1 0 0 0 0 0
247 4 2 2 0 0 0 0 0 0
248 4 1 1 0 0 0 0 0 0
251 2 1 1 0 0 0 1 0 0
252 2 0 0 1 0 0 0 0 0
258 1 0 0 0 0 0 1 0 0
259 1 0 0 0 0 0 1 0 0
260 1 0 0 0 0 0 1 0 0
fl=/build/glibc-9tT8Do/glibc-2.23/elf/../sysdeps/x86_64/dl-irel.h
fn=_dl_fixup
32 2 1 1 0 0 0 1 0 0
fl=/build/glibc-9tT8Do/glibc-2.23/elf/../sysdeps/x86_64/dl-machine.h
fn=_dl_fixup
235 9 0 0 0 0 0 9 0 0
fn=_dl_relocate_object
76 24 1 1 4 0 0 0 0 0
82 6 0 0 6 2 0 0 0 0
86 9 0 0 3 3 2 0 0 0
92 3 0 0 0 0 0 3 0 0
100 9 0 0 3 0 0 0 0 0
102 3 0 0 3 0 0 0 0 0
120 6 1 1 0 0 0 0 0 0
123 15 2 2 0 0 0 3 0 0
129 15 0 0 4 3 0 0 0 0
269 194 1 1 0 0 0 0 0 0
290 194 0 0 0 0 0 0 0 0
294 194 0 0 0 0 0 0 0 0
301 4174 14 14 982 82 72 734 2 0
303 431 0 0 182 2 0 0 0 0
306 364 0 0 91 0 0 0 0 0
312 582 1 1 97 3 3 0 0 0
407 42 2 2 14 0 0 0 0 0
411 70 0 0 14 1 0 0 0 0
425 70 0 0 28 1 1 14 7 7
435 249 1 1 83 9 9 83 10 6
447 9 0 0 0 0 0 3 0 0
512 3576 0 0 1192 298 298 0 0 0
517 2384 0 0 0 0 0 0 0 0
518 3576 0 0 1192 150 150 1192 224 222
528 38 0 0 23 0 0 0 0 0
532 30 0 0 0 0 0 0 0 0
534 45 0 0 15 0 0 0 0 0
535 15 0 0 15 3 2 0 0 0
554 24 0 0 16 0 0 8 0 0
555 8 0 0 0 0 0 8 0 0
fn=_dl_start
59 3 0 0 1 1 1 0 0 0
266 6 0 0 0 0 0 0 0 0
294 12 0 0 0 0 0 0 0 0
303 24 0 0 12 2 2 0 0 0
306 24 0 0 6 4 4 0 0 0
312 37 0 0 6 1 1 0 0 0
425 12 0 0 6 0 0 6 1 1
517 20 0 0 10 1 1 0 0 0
518 30 0 0 10 2 2 10 2 2
fn=_dl_sysdep_start
223 5 0 0 2 1 1 0 0 0
fl=/build/glibc-9tT8Do/glibc-2.23/elf/../sysdeps/x86_64/dl-trampoline.h
fn=_dl_runtime_resolve_avx
64 9 1 1 0 0 0 9 0 0
67 9 0 0 0 0 0 0 0 0
69 9 0 0 0 0 0 0 0 0
71 9 0 0 0 0 0 0 0 0
74 9 0 0 0 0 0 9 1 0
75 9 0 0 0 0 0 9 0 0
76 9 1 1 0 0 0 9 0 0
77 9 0 0 0 0 0 9 0 0
78 9 0 0 0 0 0 9 0 0
79 9 0 0 0 0 0 9 0 0
80 9 0 0 0 0 0 9 0 0
81 9 0 0 0 0 0 9 2 1
82 9 0 0 0 0 0 9 0 0
83 9 0 0 0 0 0 9 3 1
84 9 0 0 0 0 0 9 0 0
85 9 1 1 0 0 0 9 2 1
86 9 0 0 0 0 0 9 0 0
87 9 0 0 0 0 0 9 2 1
88 9 0 0 0 0 0 9 0 0
93 9 0 0 0 0 0 0 0 0
94 9 0 0 0 0 0 0 0 0
95 9 0 0 0 0 0 0 0 0
96 9 1 1 0 0 0 0 0 0
110 9 0 0 9 0 0 0 0 0
111 9 0 0 9 0 0 0 0 0
112 9 0 0 0 0 0 9 2 1
113 9 0 0 0 0 0 0 0 0
118 9 0 0 0 0 0 0 0 0
119 9 0 0 0 0 0 0 0 0
120 9 0 0 0 0 0 0 0 0
121 9 0 0 0 0 0 0 0 0
134 9 1 1 9 0 0 0 0 0
135 9 0 0 9 0 0 0 0 0
136 9 0 0 9 0 0 0 0 0
137 9 0 0 9 0 0 0 0 0
138 9 0 0 9 0 0 0 0 0
139 9 0 0 9 0 0 0 0 0
140 9 0 0 9 0 0 0 0 0
141 9 0 0 9 0 0 0 0 0
142 9 0 0 9 0 0 0 0 0
143 9 1 1 9 0 0 0 0 0
144 9 0 0 9 0 0 0 0 0
145 9 0 0 9 0 0 0 0 0
146 9 0 0 9 0 0 0 0 0
147 9 0 0 9 0 0 0 0 0
148 9 0 0 9 0 0 0 0 0
150 9 0 0 0 0 0 0 0 0
152 9 0 0 9 0 0 0 0 0
156 9 0 0 0 0 0 0 0 0
159 9 0 0 0 0 0 0 0 0
fl=/build/glibc-9tT8Do/glibc-2.23/elf/./dl-load.h
fn=_dl_map_object_from_fd
90 8 0 0 0 0 0 0 0 0
91 6 0 0 4 0 0 2 0 0
93 8 0 0 4 0 0 0 0 0
94 5 1 1 3 0 0 0 0 0
95 11 0 0 3 0 0 0 0 0
98 4 1 1 0 0 0 1 0 0
fl=/build/glibc-9tT8Do/glibc-2.23/elf/./dl-map-segments.h
fn=_dl_map_object_from_fd
56 22 0 0 8 0 0 6 1 1
60 6 1 1 2 0 0 0 0 0
63 6 0 0 2 0 0 2 0 0
64 4 0 0 0 0 0 2 0 0
66 4 0 0 2 0 0 0 0 0
72 14 1 1 4 0 0 2 0 0
73 8 1 1 4 0 0 0 0 0
76 4 1 1 4 0 0 0 0 0
86 20 1 1 4 0 0 0 0 0
88 8 0 0 4 0 0 0 0 0
90 28 1 1 10 0 0 4 0 0
100 16 0 0 8 0 0 0 0 0
106 4 0 0 2 0 0 0 0 0
107 2 0 0 0 0 0 0 0 0
108 10 0 0 2 0 0 0 0 0
109 4 0 0 0 0 0 0 0 0
116 4 0 0 0 0 0 0 0 0
119 4 1 1 0 0 0 0 0 0
127 24 1 1 6 0 0 8 0 0
133 4 0 0 0 0 0 0 0 0
137 9 1 1 0 0 0 2 0 0
140 3 0 0 1 0 0 0 0 0
145 4 1 1 0 0 0 0 0 0
fl=/build/glibc-9tT8Do/glibc-2.23/elf/dl-addr.c
fn=_dl_addr
30 2 0 0 1 0 0 1 0 0
31 2 0 0 1 0 0 1 0 0
34 2 1 1 1 0 0 0 0 0
38 1 0 0 1 0 0 0 0 0
39 1 0 0 1 0 0 0 0 0
40 3 0 0 2 0 0 1 0 0
42 2 0 0 2 0 0 0 0 0
45 2 0 0 1 1 0 0 0 0
50 2030 1 1 2 0 0 0 0 0
52 1011 0 0 1011 58 20 0 0 0
53 2022 0 0 0 0 0 0 0 0
55 3628 0 0 907 0 0 0 0 0
61 11175 1 1 2235 478 438 0 0 0
63 8940 0 0 2235 0 0 0 0 0
64 16328 1 1 5110 352 325 0 0 0
69 2235 0 0 0 0 0 0 0 0
71 9044 1 1 2235 132 82 0 0 0
99 3 0 0 1 1 0 0 0 0
100 1 0 0 0 0 0 1 1 0
101 3 0 0 1 0 0 0 0 0
104 2 0 0 0 0 0 0 0 0
116 1 1 1 0 0 0 1 0 0
117 1 0 0 0 0 0 1 0 0
126 11 2 2 0 0 0 8 0 0
131 3 0 0 2 0 0 1 0 0
133 2 0 0 0 0 0 1 0 0
135 2 0 0 0 0 0 0 0 0
138 2 0 0 0 0 0 0 0 0
141 2 1 1 1 1 0 1 0 0
144 9 0 0 7 1 0 0 0 0
fl=/build/glibc-9tT8Do/glibc-2.23/elf/dl-altinit.c
fn=dlinit_alt
33 3 1 1 2 0 0 0 0 0
34 1 0 0 1 0 0 0 0 0
fl=/build/glibc-9tT8Do/glibc-2.23/elf/dl-cache.c
fn=_dl_cache_libcmp
138 36 1 1 24 11 11 0 0 0
139 132 0 0 0 0 0 0 0 0
141 192 0 0 0 0 0 0 0 0
143 68 0 0 0 0 0 0 0 0
149 4 0 0 0 0 0 0 0 0
150 4 1 1 0 0 0 0 0 0
151 10 0 0 2 0 0 0 0 0
153 10 0 0 2 0 0 0 0 0
155 4 0 0 0 0 0 0 0 0
161 124 1 1 0 0 0 0 0 0
163 228 0 0 104 0 0 0 0 0
164 20 0 0 10 0 0 0 0 0
167 52 0 0 0 0 0 0 0 0
168 52 0 0 0 0 0 0 0 0
171 6 0 0 2 0 0 0 0 0
fn=_dl_load_cache_lookup
185 9 2 2 0 0 0 6 0 0
193 2 0 0 1 0 0 0 0 0
196 3 0 0 1 0 0 0 0 0
199 5 1 1 0 0 0 1 0 0
207 5 1 1 1 0 0 0 0 0
208 6 0 0 0 0 0 1 0 0
212 1 0 0 0 0 0 1 0 0
215 4 1 1 1 0 0 0 0 0
218 2 0 0 0 0 0 1 0 0
219 3 0 0 0 0 0 0 0 0
220 6 0 0 0 0 0 1 0 0
247 2 1 1 0 0 0 0 0 0
256 5 0 0 0 0 0 2 0 0
262 4 0 0 0 0 0 2 0 0
266 4 1 1 2 0 0 2 0 0
281 275 8 8 49 9 9 27 0 0
297 2 1 1 1 0 0 0 0 0
301 2 0 0 1 0 0 0 0 0
309 9 0 0 1 0 0 1 0 0
310 3 1 1 0 0 0 1 0 0
311 2 0 0 0 0 0 1 0 0
312 8 0 0 7 0 0 0 0 0
fn=_dl_unload_cache
321 1 0 0 0 0 0 0 0 0
322 4 2 2 1 1 0 0 0 0
324 2 0 0 1 0 0 1 0 0
325 1 0 0 0 0 0 1 0 0
327 2 0 0 1 0 0 0 0 0
fl=/build/glibc-9tT8Do/glibc-2.23/elf/dl-debug.c
fn=_dl_debug_initialize
50 8 1 1 0 0 0 0 0 0
51 4 1 1 4 0 0 0 0 0
55 14 1 1 4 0 0 0 0 0
58 1 0 0 0 0 0 1 0 0
59 2 0 0 0 0 0 1 0 0
60 5 0 0 1 0 0 1 0 0
61 2 0 0 0 0 0 1 0 0
64 1 0 0 1 0 0 0 0 0
fn=_dl_debug_state
74 2 0 0 2 0 0 0 0 0
fl=/build/glibc-9tT8Do/glibc-2.23/elf/dl-deps.c
fn=_dl_map_object_deps
144 4 0 0 0 0 0 2 0 0
145 2 0 0 0 0 0 2 0 0
146 7 0 0 0 0 0 2 0 0
152 9 1 1 2 0 0 3 0 0
160 11 1 1 0 0 0 9 0 0
161 9 2 2 0 0 0 0 0 0
178 14 1 1 1 0 0 1 0 0
179 2 0 0 1 0 0 0 0 0
182 3 0 0 0 0 0 2 0 0
188 2 0 0 0 0 0 2 0 0
189 1 0 0 0 0 0 1 0 0
201 2 1 1 1 0 0 1 0 0
202 2 0 0 0 0 0 1 0 0
203 1 0 0 0 0 0 1 0 0
204 2 0 0 0 0 0 2 0 0
209 6 1 1 0 0 0 5 0 0
210 4 0 0 0 0 0 0 0 0
213 4 0 0 0 0 0 4 0 0
217 8 0 0 4 0 0 0 0 0
218 25 2 2 11 1 1 0 0 0
220 2 0 0 0 0 0 0 0 0
222 8 0 0 4 0 0 2 0 0
224 30 1 1 2 0 0 6 0 0
229 16 2 2 8 0 0 0 0 0
231 6 0 0 4 0 0 2 0 0
236 2 0 0 0 0 0 2 0 0
237 2 0 0 0 0 0 2 0 0
238 4 0 0 2 0 0 2 0 0
239 4 0 0 2 0 0 2 0 0
242 208 1 1 54 0 0 0 0 0
243 96 1 1 0 0 0 0 0 0
249 14 0 0 4 0 0 2 0 0
251 2 0 0 0 0 0 2 0 0
254 12 1 1 8 0 0 2 0 0
256 6 0 0 2 0 0 0 0 0
271 2 0 0 2 0 0 0 0 0
273 4 0 0 2 0 0 0 0 0
278 6 0 0 0 0 0 0 0 0
281 2 0 0 0 0 0 2 0 0
282 2 0 0 0 0 0 2 0 0
283 2 0 0 0 0 0 2 0 0
284 4 0 0 2 0 0 2 0 0
286 2 1 1 2 0 0 0 0 0
288 12 0 0 2 0 0 4 0 0
292 6 0 0 2 0 0 0 0 0
293 3 0 0 0 0 0 1 0 0
295 138 1 1 0 0 0 0 0 0
317 9 1 1 0 0 0 4 0 0
338 6 2 2 0 0 0 3 0 0
459 12 1 1 4 0 0 0 0 0
461 6 0 0 0 0 0 2 0 0
463 8 1 1 0 0 0 2 0 0
465 4 0 0 0 0 0 0 0 0
468 2 0 0 0 0 0 2 0 0
469 10 0 0 2 0 0 2 0 0
470 10 0 0 0 0 0 2 0 0
473 2 0 0 0 0 0 2 0 0
474 2 0 0 2 0 0 0 0 0
478 22 1 1 11 0 0 0 0 0
480 4 1 1 4 0 0 0 0 0
481 18 0 0 4 0 0 0 0 0
485 6 1 1 2 0 0 0 0 0
486 1 0 0 0 0 0 1 0 0
489 5 0 0 2 0 0 1 0 0
499 5 1 1 1 0 0 1 0 0
502 2 0 0 0 0 0 0 0 0
507 9 1 1 3 0 0 1 0 0
508 6 0 0 4 0 0 1 0 0
510 12 0 0 4 0 0 0 0 0
516 12 0 0 0 0 0 4 1 1
520 12 1 1 12 0 0 0 0 0
523 3 0 0 1 0 0 1 0 0
574 3 0 0 2 0 0 0 0 0
575 1 0 0 0 0 0 1 0 0
576 3 1 1 1 0 0 0 0 0
611 8 2 2 1 0 0 2 0 0
613 2 0 0 0 0 0 0 0 0
614 1 0 0 0 0 0 1 0 0
617 11 1 1 0 0 0 1 0 0
618 5 1 1 0 0 0 0 0 0
619 5 0 0 1 0 0 1 0 0
623 12 0 0 3 0 0 6 0 0
624 6 0 0 3 0 0 0 0 0
630 17 0 0 3 0 0 0 0 0
632 12 1 1 6 0 0 0 0 0
633 7 0 0 0 0 0 0 0 0
635 9 0 0 3 0 0 0 0 0
636 6 0 0 0 0 0 0 0 0
655 2 1 1 1 0 0 0 0 0
658 3 1 1 0 0 0 0 0 0
661 10 1 1 3 0 0 0 0 0
664 28 1 1 6 0 0 6 0 0
671 2 0 0 1 0 0 1 0 0
673 2 0 0 1 0 0 1 0 0
674 1 1 1 1 0 0 0 0 0
675 3 0 0 1 0 0 0 0 0
682 3 0 0 1 0 0 0 0 0
685 3 1 1 1 0 0 0 0 0
688 8 0 0 7 0 0 0 0 0
fn=openaux
60 4 1 1 0 0 0 2 0 0
63 24 1 1 10 0 0 4 0 0
67 2 0 0 2 0 0 0 0 0
68 4 0 0 4 0 0 0 0 0
fl=/build/glibc-9tT8Do/glibc-2.23/elf/dl-environ.c
fn=_dl_next_ld_env_entry
30 3 1 1 3 0 0 0 0 0
31 1 0 0 0 0 0 0 0 0
33 214 0 0 71 0 0 0 0 0
35 140 1 1 70 33 33 0 0 0
36 20 0 0 10 0 0 0 0 0
38 2 0 0 0 0 0 0 0 0
41 4 0 0 0 0 0 2 0 0
43 2 0 0 2 0 0 0 0 0
46 68 0 0 0 0 0 0 0 0
50 1 0 0 1 0 0 0 0 0
fl=/build/glibc-9tT8Do/glibc-2.23/elf/dl-error.c
fn=_dl_catch_error
163 12 1 1 0 0 0 9 0 0
175 6 0 0 0 0 0 6 4 4
176 6 1 1 0 0 0 6 0 0
177 6 0 0 0 0 0 6 1 1
178 6 0 0 0 0 0 3 0 0
180 3 0 0 3 0 0 3 0 0
181 6 0 0 3 0 0 3 0 0
182 9 0 0 0 0 0 6 0 0
185 18 1 1 0 0 0 3 0 0
187 9 0 0 6 0 0 3 0 0
188 9 0 0 6 0 0 3 0 0
189 6 0 0 3 0 0 3 0 0
190 6 0 0 3 0 0 3 0 0
191 6 1 1 3 0 0 3 0 0
199 12 0 0 6 0 0 0 0 0
fn=_dl_receive_error
205 10 1 1 0 0 0 6 0 0
206 2 0 0 1 0 0 1 0 0
210 1 0 0 1 0 0 0 0 0
211 1 0 0 1 0 0 0 0 0
214 1 0 0 0 0 0 1 0 0
215 1 0 0 0 0 0 1 0 0
217 2 0 0 0 0 0 1 0 0
219 1 0 0 0 0 0 1 0 0
220 1 0 0 0 0 0 1 0 0
221 8 1 1 7 0 0 0 0 0
fl=/build/glibc-9tT8Do/glibc-2.23/elf/dl-fini.c
fn=_dl_fini
31 1 0 0 0 0 0 1 0 0
33 2 0 0 0 0 0 0 0 0
38 3 1 1 0 0 0 1 0 0
39 9 0 0 0 0 0 1 0 0
40 3 0 0 0 0 0 1 0 0
44 9 0 0 3 0 0 3 0 0
45 9 0 0 6 0 0 0 0 0
49 12 1 1 6 0 0 0 0 0
55 6 0 0 3 0 0 0 0 0
56 14 0 0 6 0 0 0 0 0
58 15 0 0 9 0 0 0 0 0
59 7 0 0 0 0 0 0 0 0
61 9 1 1 3 1 1 0 0 0
62 6 0 0 0 0 0 0 0 0
81 4 0 0 1 0 0 1 0 0
92 9 1 1 3 0 0 0 0 0
113 3 0 0 0 0 0 0 0 0
117 15 0 0 3 0 0 3 0 0
120 22 1 1 7 0 0 2 0 0
130 8 1 1 0 0 0 6 0 0
147 1 0 0 0 0 0 1 0 0
150 15 1 1 3 1 1 1 0 0
153 2 1 1 1 1 1 1 0 0
155 1 0 0 1 1 1 0 0 0
158 2 0 0 0 0 0 0 0 0
160 6 1 1 3 0 0 0 0 0
165 1 0 0 0 0 0 1 0 0
168 9 0 0 0 0 0 1 0 0
173 13 0 0 4 1 1 0 0 0
175 8 0 0 4 1 1 0 0 0
177 8 1 1 0 0 0 0 0 0
179 8 0 0 0 0 0 4 0 0
180 4 0 0 0 0 0 4 3 3
181 4 0 0 0 0 0 0 0 0
185 4 0 0 4 1 1 0 0 0
187 9 1 1 1 0 0 1 0 0
188 2 0 0 1 0 0 0 0 0
192 2 0 0 1 0 0 1 0 0
201 3 1 1 2 0 0 1 0 0
206 14 0 0 7 0 0 0 0 0
208 4 0 0 4 0 0 0 0 0
210 12 1 1 4 0 0 0 0 0
213 8 0 0 0 0 0 4 0 0
216 12 0 0 4 3 3 0 0 0
217 6 0 0 2 2 2 0 0 0
220 4 0 0 2 0 0 0 0 0
229 4 0 0 4 1 1 0 0 0
232 6 0 0 4 1 1 0 0 0
234 16 1 1 2 2 2 0 0 0
235 4 0 0 2 2 2 2 0 0
239 4 0 0 0 0 0 0 0 0
240 6 0 0 4 2 2 2 0 0
246 24 1 1 8 1 1 0 0 0
262 8 0 0 4 0 0 0 0 0
268 6 2 2 2 0 0 0 0 0
270 1 0 0 0 0 0 1 0 0
274 2 0 0 1 0 0 0 0 0
281 8 0 0 7 0 0 0 0 0
fl=/build/glibc-9tT8Do/glibc-2.23/elf/dl-hwcaps.c
fn=_dl_important_hwcaps
39 12 2 2 0 0 0 10 2 2
41 1 0 0 1 0 0 0 0 0
42 3 0 0 0 0 0 0 0 0
51 3 0 0 1 0 0 0 0 0
61 4 1 1 1 0 0 1 0 0
113 1 1 1 0 0 0 0 0 0
115 5 2 2 0 0 0 1 0 0
130 10 0 0 0 0 0 1 0 0
131 1 0 0 0 0 0 0 0 0
162 2 1 1 0 0 0 0 0 0
170 3 1 1 1 0 0 0 0 0
172 2 0 0 1 0 0 1 0 0
173 5 0 0 1 0 0 1 0 0
177 3 0 0 1 0 0 1 0 0
178 1 0 0 0 0 0 1 0 0
181 2 1 1 0 0 0 0 0 0
184 2 0 0 0 0 0 0 0 0
185 1 0 0 1 0 0 0 0 0
188 12 1 1 2 0 0 2 0 0
189 2 0 0 0 0 0 0 0 0
207 11 2 2 2 0 0 5 0 0
208 6 0 0 0 0 0 3 1 1
209 6 1 1 4 0 0 0 0 0
238 3 0 0 0 0 0 2 1 1
241 2 0 0 0 0 0 0 0 0
243 10 1 1 3 0 0 4 0 0
244 20 1 1 5 0 0 5 0 0
264 7 1 1 2 0 0 0 0 0
269 10 0 0 2 0 0 0 0 0
270 8 1 1 0 0 0 4 0 0
274 11 0 0 0 0 0 0 0 0
277 26 0 0 0 0 0 0 0 0
278 24 1 1 0 0 0 0 0 0
279 12 0 0 8 0 0 0 0 0
281 4 0 0 0 0 0 0 0 0
284 3 0 0 1 0 0 0 0 0
285 2 0 0 1 0 0 0 0 0
286 12 2 2 3 0 0 0 0 0
299 6 0 0 2 0 0 2 0 0
300 2 0 0 0 0 0 0 0 0
302 4 0 0 0 0 0 0 0 0
305 4 0 0 3 0 0 1 0 0
307 1 0 0 0 0 0 0 0 0
308 10 1 1 7 0 0 1 0 0
fl=/build/glibc-9tT8Do/glibc-2.23/elf/dl-init.c
fn=_dl_init
30 25 1 1 5 0 0 3 0 0
80 11 2 2 0 0 0 6 0 0
81 1 0 0 1 1 0 0 0 0
82 1 0 0 1 0 0 0 0 0
85 3 0 0 1 0 0 0 0 0
88 2 0 0 0 0 0 1 0 0
93 2 0 0 0 0 0 0 0 0
94 2 1 1 1 0 0 0 0 0
104 2 1 1 0 0 0 1 0 0
119 15 0 0 0 0 0 0 0 0
120 12 0 0 8 0 0 0 0 0
126 8 0 0 7 0 0 0 0 0
fn=call_init.part.0
28 20 0 0 0 0 0 20 0 0
36 12 0 0 4 0 0 4 0 0
39 16 0 0 8 1 0 0 0 0
40 3 0 0 0 0 0 0 0 0
44 21 1 1 3 2 0 0 0 0
45 3 1 1 1 0 0 0 0 0
49 4 0 0 2 0 0 0 0 0
58 14 0 0 6 4 0 2 0 0
62 4 0 0 0 0 0 0 0 0
68 6 0 0 4 1 0 0 0 0
70 4 1 1 4 0 0 0 0 0
71 16 0 0 0 0 0 0 0 0
72 15 0 0 3 0 0 3 0 0
74 24 0 0 24 0 0 0 0 0
fl=/build/glibc-9tT8Do/glibc-2.23/elf/dl-load.c
fn=_dl_init_paths
661 9 2 2 0 0 0 6 0 0
674 6 0 0 2 0 0 2 0 0
678 1 0 0 0 0 0 1 0 0
679 2 0 0 0 0 0 1 0 0
680 3 1 1 0 0 0 0 0 0
687 6 0 0 0 0 0 0 0 0
688 4 0 0 1 0 0 2 0 0
691 1 0 0 0 0 0 1 0 0
692 2 1 1 0 0 0 1 0 0
694 2 0 0 0 0 0 0 0 0
700 1 0 0 0 0 0 1 0 0
701 1 0 0 0 0 0 1 0 0
709 3 0 0 0 0 0 3 0 0
711 8 0 0 0 0 0 4 1 1
712 4 2 2 0 0 0 4 2 2
714 9 0 0 0 0 0 4 0 0
715 13 0 0 3 1 1 4 1 1
716 12 0 0 0 0 0 3 0 0
719 6 0 0 3 1 1 0 0 0
720 32 1 1 12 0 0 8 0 0
723 35 0 0 4 0 0 6 0 0
729 1 0 0 0 0 0 1 1 1
730 1 1 1 0 0 0 1 0 0
734 1 0 0 1 0 0 0 0 0
735 2 0 0 0 0 0 0 0 0
737 4 1 1 1 0 0 0 0 0
739 3 0 0 1 0 0 0 0 0
756 1 1 1 0 0 0 1 0 0
758 3 1 1 1 0 0 0 0 0
772 2 1 1 0 0 0 1 0 0
777 5 1 1 1 0 0 0 0 0
785 5 1 1 0 0 0 1 0 0
787 11 0 0 0 0 0 2 0 0
791 58 1 1 0 0 0 0 0 0
804 57 0 0 14 0 0 0 0 0
808 14 0 0 0 0 0 0 0 0
811 1 0 0 0 0 0 1 0 0
812 1 0 0 0 0 0 1 0 0
813 2 0 0 0 0 0 0 0 0
819 9 1 1 1 0 0 2 0 0
823 5 0 0 4 0 0 0 0 0
829 1 0 0 0 0 0 1 0 0
833 8 0 0 7 0 0 0 0 0
fn=_dl_map_object
372 5 1 1 0 0 0 1 0 0
376 2 0 0 0 0 0 1 0 0
638 9 1 1 3 0 0 0 0 0
2167 27 1 1 0 0 0 24 3 3
2169 2 0 0 0 0 0 2 0 0
2175 6 0 0 0 0 0 0 0 0
2176 12 1 1 3 0 0 0 0 0
2179 42 0 0 9 0 0 0 0 0
2184 49 1 1 7 0 0 0 0 0
2186 35 0 0 0 0 0 7 0 0
2190 12 0 0 6 0 0 0 0 0
2191 18 0 0 6 0 0 0 0 0
2194 2 0 0 2 0 0 0 0 0
2196 12 1 1 4 0 0 2 0 0
2213 10 1 1 4 0 0 2 0 0
2222 6 1 1 2 0 0 0 0 0
2256 2 0 0 0 0 0 2 0 0
2258 10 0 0 0 0 0 2 0 0
2262 4 1 1 0 0 0 2 0 0
2264 2 0 0 1 0 0 0 0 0
2271 4 1 1 1 0 0 0 0 0
2275 2 1 1 1 0 0 1 0 0
2280 6 1 1 1 0 0 1 0 0
2281 1 0 0 0 0 0 0 0 0
2283 9 1 1 0 0 0 3 0 0
2295 3 1 1 2 0 0 0 0 0
2296 8 0 0 2 0 0 1 0 0
2297 1 1 1 0 0 0 0 0 0
2306 2 0 0 1 0 0 0 0 0
2307 15 1 1 1 0 0 4 0 0
2313 5 0 0 1 0 0 0 0 0
2314 1 1 1 0 0 0 0 0 0
2322 1 0 0 0 0 0 1 0 0
2336 2 2 2 0 0 0 0 0 0
2338 3 0 0 1 0 0 0 0 0
2342 3 0 0 0 0 0 2 0 0
2344 2 0 0 0 0 0 0 0 0
2348 2 0 0 0 0 0 0 0 0
2356 3 0 0 1 0 0 0 0 0
2379 11 1 1 1 0 0 2 0 0
2383 4 0 0 2 0 0 0 0 0
2384 2 0 0 0 0 0 1 0 0
2401 2 1 1 1 0 0 0 0 0
2407 1 0 0 0 0 0 1 0 0
2409 2 0 0 0 0 0 0 0 0
2410 3 0 0 0 0 0 0 0 0
2414 10 1 1 0 0 0 2 0 0
2417 4 0 0 2 0 0 0 0 0
2429 6 0 0 0 0 0 0 0 0
2431 4 1 1 0 0 0 0 0 0
2475 4 0 0 2 0 0 2 0 0
2476 30 1 1 6 0 0 10 0 0
2478 24 0 0 21 0 0 0 0 0
fn=_dl_map_object_from_fd
871 30 2 2 0 0 0 22 2 2
881 8 0 0 2 0 0 4 1 1
882 2 0 0 0 0 0 2 0 0
897 31 1 1 11 0 0 0 0 0
898 10 0 0 5 0 0 0 0 0
915 4 1 1 2 0 0 0 0 0
939 4 0 0 2 0 0 0 0 0
949 4 0 0 2 0 0 0 0 0
971 8 1 1 4 0 0 0 0 0
1003 4 0 0 0 0 0 0 0 0
1006 16 1 1 10 0 0 2 0 0
1007 4 0 0 0 0 0 0 0 0
1018 6 0 0 4 0 0 2 2 2
1019 8 1 1 4 0 0 4 0 0
1020 4 1 1 2 0 0 2 0 0
1022 8 0 0 0 0 0 0 0 0
1023 8 0 0 4 0 0 0 0 0
1024 2 0 0 0 0 0 0 0 0
1041 2 0 0 0 0 0 2 0 0
1043 20 1 1 0 0 0 4 0 0
1051 142 0 0 0 0 0 0 0 0
1052 127 2 2 17 0 0 0 0 0
1058 4 0 0 2 0 0 2 0 0
1059 6 0 0 2 0 0 2 0 0
1060 2 0 0 0 0 0 0 0 0
1063 2 0 0 1 0 0 1 0 0
1064 1 0 0 0 0 0 0 0 0
1069 20 1 1 8 0 0 0 0 0
1074 32 1 1 8 0 0 0 0 0
1082 16 0 0 0 0 0 0 0 0
1083 16 0 0 0 0 0 4 2 2
1084 20 0 0 4 0 0 4 0 0
1085 4 1 1 0 0 0 4 2 2
1086 8 0 0 4 0 0 4 0 0
1087 8 0 0 0 0 0 4 1 1
1091 8 0 0 0 0 0 0 0 0
1092 12 0 0 6 0 0 2 0 0
1096 36 1 1 4 0 0 4 0 0
1107 4 0 0 0 0 0 0 0 0
1110 3 1 1 1 0 0 0 0 0
1114 1 0 0 0 0 0 1 1 1
1115 3 0 0 2 0 0 1 0 0
1116 2 0 0 0 0 0 0 0 0
1119 3 0 0 0 0 0 1 1 1
1120 2 0 0 1 0 0 1 0 0
1123 1 0 0 0 0 0 1 0 0
1127 4 0 0 1 0 0 0 0 0
1133 3 0 0 1 0 0 2 0 0
1134 1 0 0 0 0 0 0 0 0
1138 16 1 1 2 0 0 6 0 0
1146 4 0 0 0 0 0 2 0 0
1189 4 1 1 2 0 0 2 0 0
1190 2 0 0 0 0 0 0 0 0
1193 4 1 1 2 0 0 2 0 0
1194 6 0 0 4 0 0 2 0 0
1195 2 0 0 0 0 0 0 0 0
1198 6 0 0 2 0 0 0 0 0
1207 4 0 0 0 0 0 0 0 0
1217 18 1 1 8 0 0 2 0 0
1229 8 1 1 4 0 0 0 0 0
1233 2 1 1 1 0 0 0 0 0
1238 6 0 0 2 0 0 2 0 0
1245 4 0 0 0 0 0 0 0 0
1260 6 1 1 2 0 0 0 0 0
1279 4 0 0 2 0 0 2 0 0
1281 10 0 0 4 0 0 0 0 0
1335 6 1 1 2 1 1 0 0 0
1336 2 0 0 1 0 0 1 0 0
1339 8 0 0 2 0 0 2 0 0
1348 4 0 0 2 0 0 0 0 0
1350 8 0 0 4 0 0 2 0 0
1352 4 1 1 2 0 0 0 0 0
1368 4 0 0 0 0 0 2 0 0
1372 4 0 0 2 0 0 0 0 0
1373 4 0 0 2 0 0 0 0 0
1390 4 1 1 2 0 0 0 0 0
1391 2 0 0 0 0 0 1 0 0
1394 6 0 0 2 0 0 4 0 0
1399 4 0 0 2 0 0 0 0 0
1409 4 1 1 2 0 0 0 0 0
1419 6 0 0 2 0 0 2 0 0
1423 8 0 0 2 0 0 0 0 0
1443 16 0 0 14 0 0 0 0 0
fn=fillin_rpath
372 5 1 1 0 0 0 1 0 0
376 3 0 0 0 0 0 1 0 0
433 17 2 2 0 0 0 12 0 0
435 1 0 0 0 0 0 0 0 0
438 9 0 0 0 0 0 2 0 0
444 3 0 0 0 0 0 1 0 0
448 2 0 0 0 0 0 0 0 0
455 8 2 2 1 0 0 0 0 0
460 3 0 0 0 0 0 1 0 0
463 3 1 1 1 0 0 0 0 0
470 15 0 0 5 0 0 0 0 0
471 8 1 1 4 0 0 0 0 0
489 4 2 2 1 0 0 1 0 0
492 5 0 0 1 0 0 2 0 0
493 2 1 1 1 0 0 0 0 0
495 3 0 0 1 0 0 0 0 0
499 1 0 0 0 0 0 1 1 1
500 1 0 0 0 0 0 0 0 0
501 4 0 0 0 0 0 2 0 0
502 1 0 0 0 0 0 1 0 0
504 2 1 1 1 0 0 0 0 0
510 4 0 0 1 0 0 0 0 0
511 18 2 2 1 0 0 0 0 0
512 11 1 1 0 0 0 4 0 0
514 2 1 1 1 0 0 1 0 0
515 3 0 0 1 0 0 0 0 0
520 2 0 0 0 0 0 1 0 0
522 3 0 0 1 0 0 1 0 0
523 1 0 0 0 0 0 1 0 0
526 2 1 1 0 0 0 1 0 0
528 4 0 0 2 0 0 1 0 0
532 1 0 0 0 0 0 1 0 0
535 9 0 0 7 0 0 0 0 0
fn=open_path
2018 8 1 1 0 0 0 6 0 0
2019 2 0 0 1 0 0 1 0 0
2022 1 0 0 0 0 0 1 0 0
2023 1 0 0 0 0 0 1 0 0
2025 2 0 0 0 0 0 0 0 0
2030 17 1 1 2 0 0 7 1 1
2033 1 0 0 1 0 0 0 0 0
2042 2 1 1 1 0 0 0 0 0
2049 5 0 0 2 0 0 2 0 0
2050 21 1 1 1 0 0 0 0 0
2053 8 1 1 4 0 0 0 0 0
2056 8 0 0 0 0 0 0 0 0
2057 32 1 1 20 0 0 8 0 0
2058 16 0 0 4 0 0 0 0 0
2063 8 0 0 4 0 0 0 0 0
2064 3 1 1 0 0 0 0 0 0
2066 40 1 1 20 0 0 8 0 0
2068 20 0 0 12 0 0 0 0 0
2070 8 0 0 0 0 0 0 0 0
2075 8 1 1 4 0 0 0 0 0
2076 36 0 0 16 0 0 0 0 0
2082 14 2 2 4 0 0 5 0 0
2084 24 0 0 4 0 0 4 0 0
2085 2 0 0 1 0 0 0 0 0
2087 17 0 0 0 0 0 4 0 0
2094 12 0 0 4 0 0 0 0 0
2104 4 0 0 1 0 0 1 0 0
2132 1 0 0 0 0 0 0 0 0
2135 7 1 1 1 0 0 0 0 0
2140 1 0 0 1 0 0 0 0 0
2142 4 1 1 3 0 0 0 0 0
2145 3 0 0 1 0 0 0 0 0
2159 8 0 0 7 0 0 0 0 0
fn=open_verify.constprop.7
1695 84 1 1 6 0 0 54 3 3
1734 28 0 0 6 0 0 0 0 0
1765 30 1 1 0 0 0 12 0 0
1767 14 0 0 0 0 0 0 0 0
1777 2 0 0 0 0 0 2 0 0
1778 4 0 0 0 0 0 2 2 2
1783 16 1 1 4 0 0 4 0 0
1785 4 0 0 0 0 0 0 0 0
1787 6 0 0 2 0 0 2 0 0
1789 4 0 0 0 0 0 0 0 0
1795 4 0 0 0 0 0 0 0 0
1804 2 2 2 1 0 0 0 0 0
1811 36 4 4 5 0 0 5 0 0
1885 4 0 0 2 0 0 0 0 0
1890 4 0 0 2 0 0 0 0 0
1892 8 0 0 2 0 0 0 0 0
1898 4 0 0 0 0 0 0 0 0
1909 4 0 0 2 0 0 0 0 0
1915 12 1 1 2 1 1 0 0 0
1916 8 0 0 2 0 0 0 0 0
1917 6 0 0 2 0 0 2 0 0
1937 108 2 2 14 0 0 0 0 0
1939 36 1 1 17 5 5 0 0 0
1943 8 0 0 4 0 0 0 0 0
1944 6 0 0 2 0 0 0 0 0
1953 18 1 1 0 0 0 3 0 0
1956 14 0 0 4 0 0 0 0 0
1960 6 0 0 0 0 0 0 0 0
1965 1 0 0 0 0 0 0 0 0
1966 1 0 0 0 0 0 0 0 0
1969 2 0 0 0 0 0 0 0 0
1972 7 0 0 3 0 0 0 0 0
1975 3 0 0 1 0 0 0 0 0
1976 5 0 0 1 0 0 0 0 0
1981 4 1 1 0 0 0 0 0 0
2004 48 1 1 42 0 0 0 0 0
fl=/build/glibc-9tT8Do/glibc-2.23/elf/dl-lookup.c
fn=_dl_lookup_symbol_x
568 5468 1 1 1278 86 82 89 0 0
569 4756 0 0 0 0 0 0 0 0
806 1335 1 1 89 0 0 801 11 6
808 178 0 0 0 0 0 89 2 0
809 178 0 0 0 0 0 178 0 0
812 89 0 0 89 4 2 0 0 0
816 342 2 2 82 0 0 0 0 0
820 623 0 0 178 0 0 267 0 0
821 178 0 0 0 0 0 0 0 0
823 178 0 0 178 1 0 0 0 0
827 297 1 1 6 0 0 0 0 0
829 1246 3 3 623 0 0 623 7 3
832 267 0 0 0 0 0 0 0 0
835 6 0 0 0 0 0 0 0 0
858 178 0 0 89 0 0 0 0 0
860 42 1 1 12 0 0 0 0 0
876 6 0 0 0 0 0 6 0 0
877 12 0 0 0 0 0 0 0 0
880 83 0 0 83 0 0 0 0 0
881 581 0 0 166 0 0 0 0 0
912 83 1 1 0 0 0 0 0 0
921 415 0 0 83 0 0 0 0 0
935 249 0 0 83 5 2 0 0 0
936 2 1 1 0 0 0 1 0 0
938 332 0 0 166 0 0 0 0 0
943 83 1 1 0 0 0 83 0 0
945 712 0 0 623 0 0 0 0 0
fn=_dl_setup_hash
956 12 1 1 4 0 0 0 0 0
960 4 0 0 4 0 0 0 0 0
964 8 0 0 4 4 4 4 0 0
965 4 0 0 4 0 0 0 0 0
966 4 0 0 4 1 1 0 0 0
968 12 0 0 0 0 0 0 0 0
969 4 0 0 0 0 0 4 0 0
970 12 0 0 4 0 0 4 0 0
972 4 1 1 0 0 0 4 0 0
973 8 0 0 0 0 0 0 0 0
975 4 0 0 0 0 0 4 0 0
977 12 0 0 0 0 0 4 0 0
978 4 0 0 4 0 0 0 0 0
fn=check_match
92 664 1 1 166 13 11 332 3 2
95 581 0 0 166 7 7 0 0 0
107 498 1 1 83 0 0 83 7 3
110 446 0 0 38 0 0 19 0 0
114 83 1 1 83 1 0 0 0 0
115 166 0 0 0 0 0 0 0 0
117 164 0 0 0 0 0 0 0 0
136 164 0 0 164 8 6 0 0 0
137 656 0 0 246 5 2 0 0 0
138 492 2 2 164 0 0 82 0 0
165 2 0 0 0 0 0 0 0 0
167 6 0 0 2 0 0 0 0 0
168 4 0 0 0 0 0 0 0 0
176 83 0 0 0 0 0 0 0 0
183 498 1 1 415 0 0 0 0 0
fn=do_lookup_x
311 196 0 0 0 0 0 0 0 0
355 1068 2 2 89 0 0 890 13 6
356 89 0 0 89 4 2 0 0 0
362 89 0 0 89 0 0 0 0 0
366 558 0 0 558 20 10 0 0 0
369 558 0 0 0 0 0 0 0 0
373 1003 1 1 89 0 0 178 0 0
377 558 1 1 279 9 4 0 0 0
381 558 0 0 279 3 1 0 0 0
387 837 0 0 279 7 4 0 0 0
391 279 0 0 0 0 0 279 0 0
392 279 1 1 0 0 0 279 0 0
395 837 0 0 558 20 8 279 0 0
396 837 0 0 558 1 0 279 0 0
399 279 0 0 279 0 0 0 0 0
400 558 0 0 0 0 0 0 0 0
402 837 0 0 837 43 38 0 0 0
403 356 0 0 0 0 0 89 0 0
410 3603 1 1 926 0 0 178 0 0
413 522 1 1 261 49 48 0 0 0
415 174 1 1 0 0 0 0 0 0
417 1131 1 1 348 0 0 435 0 0
420 835 0 0 167 63 62 0 0 0
422 332 0 0 83 0 0 0 0 0
423 1245 1 1 581 0 0 498 2 0
427 249 1 1 0 0 0 0 0 0
430 252 0 0 0 0 0 0 0 0
439 747 2 2 415 0 0 0 0 0
461 8 1 1 4 0 0 0 0 0
469 166 1 1 83 0 0 0 0 0
519 616 0 0 83 0 0 0 0 0
523 36 0 0 12 1 0 0 0 0
535 166 1 1 83 0 0 83 0 0
536 83 0 0 0 0 0 83 0 0
537 166 0 0 0 0 0 0 0 0
553 1412 1 1 536 2 0 0 0 0
554 155 0 0 0 0 0 31 0 0
555 28 2 2 20 0 0 0 0 0
557 588 0 0 0 0 0 0 0 0
560 6 0 0 0 0 0 0 0 0
561 712 1 1 623 0 0 0 0 0
fl=/build/glibc-9tT8Do/glibc-2.23/elf/dl-minimal.c
fn=__libc_memalign
52 66 1 1 0 0 0 44 0 0
53 87 1 1 43 0 0 0 0 0
58 5 0 0 0 0 0 1 0 0
59 2 1 1 1 0 0 0 0 0
64 88 0 0 0 0 0 22 0 0
67 142 0 0 0 0 0 0 0 0
71 12 1 1 3 0 0 0 0 0
72 6 0 0 0 0 0 0 0 0
78 24 0 0 0 0 0 3 0 0
80 15 0 0 6 0 0 0 0 0
84 9 0 0 0 0 0 3 0 0
87 22 0 0 0 0 0 22 0 0
88 22 0 0 0 0 0 22 0 0
90 110 0 0 66 0 0 0 0 0
fn=calloc
103 8 1 1 0 0 0 0 0 0
107 8 0 0 0 0 0 0 0 0
111 40 0 0 0 0 0 0 0 0
114 8 0 0 0 0 0 0 0 0
fn=free
120 1 1 1 0 0 0 1 0 0
122 3 0 0 1 0 0 0 0 0
129 2 0 0 2 0 0 0 0 0
fn=malloc
94 21 1 1 0 0 0 0 0 0
95 42 0 0 0 0 0 0 0 0
fn=strsep
354 8 1 1 4 0 0 0 0 0
356 4 0 0 4 0 0 0 0 0
357 8 0 0 0 0 0 0 0 0
361 319 1 1 63 0 0 0 0 0
366 244 0 0 122 0 0 0 0 0
368 366 0 0 122 0 0 0 0 0
376 61 0 0 0 0 0 0 0 0
379 2 0 0 0 0 0 2 0 0
383 4 0 0 4 0 0 0 0 0
fl=/build/glibc-9tT8Do/glibc-2.23/elf/dl-misc.c
fn=_dl_name_match_p
288 225 1 1 0 0 0 90 4 3
289 180 1 1 45 1 0 45 0 0
290 48 0 0 0 0 0 0 0 0
292 45 0 0 45 0 0 0 0 0
294 182 0 0 0 0 0 0 0 0
295 245 0 0 49 5 2 49 0 0
298 46 0 0 46 0 0 0 0 0
300 42 0 0 0 0 0 0 0 0
301 225 1 1 135 0 0 0 0 0
fn=_dl_sysdep_read_whole_file
45 8 2 2 0 0 0 4 0 0
52 3 0 0 0 0 0 1 0 0
53 2 0 0 0 0 0 0 0 0
55 7 0 0 0 0 0 1 0 0
57 2 0 0 1 0 0 1 0 0
60 2 0 0 0 0 0 0 0 0
62 8 1 1 0 0 0 1 0 0
73 2 0 0 0 0 0 1 0 0
76 7 0 0 5 0 0 0 0 0
fl=/build/glibc-9tT8Do/glibc-2.23/elf/dl-object.c
fn=_dl_add_to_namespace_list
32 15 1 1 0 0 0 9 0 0
34 9 1 1 3 0 0 3 0 0
36 22 0 0 3 0 0 0 0 0
39 15 0 0 5 0 0 0 0 0
41 2 0 0 0 0 0 2 0 0
43 2 0 0 0 0 0 2 0 0
46 2 1 1 0 0 0 1 0 0
47 9 0 0 3 0 0 0 0 0
48 6 0 0 3 0 0 3 0 0
49 6 0 0 0 0 0 3 0 0
51 6 0 0 3 0 0 0 0 0
52 9 0 0 9 0 0 0 0 0
fn=_dl_new_object
61 42 1 1 0 0 0 30 3 3
62 9 0 0 0 0 0 3 1 1
68 39 3 3 6 1 1 0 0 0
75 15 0 0 0 0 0 6 0 0
78 6 0 0 0 0 0 0 0 0
81 3 0 0 0 0 0 3 2 2
82 6 0 0 0 0 0 3 3 3
85 6 0 0 0 0 0 3 1 1
87 15 1 1 6 0 0 6 1 1
89 3 0 0 0 0 0 3 0 0
97 18 1 1 6 0 0 3 1 1
98 18 0 0 6 3 3 3 0 0
101 6 0 0 3 0 0 0 0 0
102 8 0 0 2 0 0 3 3 3
103 3 0 0 0 0 0 3 0 0
107 3 0 0 0 0 0 3 0 0
110 44 1 1 0 0 0 0 0 0
112 32 0 0 0 0 0 16 4 4
122 6 0 0 0 0 0 3 0 0
123 3 0 0 0 0 0 3 3 3
128 18 1 1 3 1 1 0 0 0
130 8 0 0 0 0 0 2 1 1
133 8 1 1 0 0 0 0 0 0
137 6 0 0 2 0 0 0 0 0
141 12 0 0 0 0 0 0 0 0
143 5 1 1 1 0 0 0 0 0
149 1 0 0 0 0 0 1 0 0
152 6 0 0 0 0 0 3 1 1
155 9 1 1 0 0 0 3 0 0
157 14 0 0 2 0 0 4 0 0
161 8 0 0 2 0 0 0 0 0
165 6 0 0 0 0 0 2 0 0
166 8 0 0 0 0 0 0 0 0
168 1 1 1 0 0 0 0 0 0
211 48 2 2 4 0 0 2 0 0
216 42 0 0 0 0 0 0 0 0
217 88 0 0 42 0 0 0 0 0
222 4 0 0 0 0 0 2 0 0
225 4 0 0 0 0 0 2 0 0
229 24 0 0 21 0 0 0 0 0
fl=/build/glibc-9tT8Do/glibc-2.23/elf/dl-open.c
fn=_dl_find_dso_for_object
182 5 1 1 1 0 0 0 0 0
183 10 2 2 3 0 0 0 0 0
184 12 0 0 6 1 0 0 0 0
185 2 0 0 1 0 0 0 0 0
188 2 1 1 1 0 0 0 0 0
192 1 0 0 1 0 0 0 0 0
fl=/build/glibc-9tT8Do/glibc-2.23/elf/dl-reloc.c
fn=_dl_relocate_object
149 48 2 2 0 0 0 32 0 0
156 4 0 0 0 0 0 4 0 0
159 8 0 0 0 0 0 0 0 0
160 24 0 0 0 0 0 12 0 0
164 8 0 0 0 0 0 0 0 0
165 24 0 0 4 1 0 4 0 0
171 8 0 0 4 0 0 0 0 0
177 12 1 1 4 0 0 0 0 0
178 8 1 1 4 3 0 0 0 0
181 8 0 0 4 0 0 0 0 0
188 8 0 0 4 0 0 0 0 0
232 12 0 0 8 0 0 4 0 0
258 192 4 4 59 11 0 53 0 0
261 16 0 0 4 0 0 0 0 0
285 4 0 0 4 0 0 0 0 0
288 8 0 0 4 0 0 0 0 0
305 12 0 0 4 3 0 0 0 0
307 32 0 0 28 1 0 0 0 0
313 28 2 2 12 0 0 4 0 0
316 8 0 0 0 0 0 0 0 0
320 8 0 0 0 0 0 0 0 0
321 28 0 0 4 0 0 4 0 0
fl=/build/glibc-9tT8Do/glibc-2.23/elf/dl-tls.c
fn=_dl_add_to_slotinfo
890 4 1 1 0 0 0 3 0 0
896 2 0 0 1 0 0 0 0 0
899 1 0 0 1 1 0 0 0 0
904 5 1 1 1 0 0 0 0 0
945 1 0 0 0 0 0 1 1 0
946 3 0 0 1 1 0 1 0 0
947 4 0 0 4 0 0 0 0 0
fn=_dl_allocate_tls_init
449 7 0 0 0 0 0 6 0 0
450 2 1 1 0 0 0 0 0 0
454 2 0 0 1 1 0 1 0 0
456 1 0 0 0 0 0 1 0 0
457 3 0 0 1 0 0 0 0 0
460 4 0 0 2 1 0 1 0 0
472 1 1 1 1 0 0 0 0 0
477 9 0 0 1 0 0 0 0 0
483 16 1 1 1 0 0 1 0 0
486 1 0 0 1 0 0 0 0 0
487 2 0 0 0 0 0 0 0 0
493 3 1 1 2 0 0 0 0 0
494 2 0 0 0 0 0 0 0 0
496 5 0 0 2 0 0 1 0 0
497 1 0 0 0 0 0 1 0 0
499 3 0 0 0 0 0 0 0 0
500 1 0 0 1 0 0 0 0 0
503 2 1 1 0 0 0 0 0 0
504 4 0 0 2 0 0 0 0 0
506 2 0 0 0 0 0 0 0 0
515 12 1 1 4 0 0 2 0 0
529 2 1 1 1 0 0 1 0 0
531 1 0 0 1 0 0 0 0 0
532 8 1 1 7 0 0 0 0 0
fn=_dl_allocate_tls_storage
321 2 0 0 1 0 0 0 0 0
322 3 2 2 0 0 0 1 0 0
323 2 0 0 0 0 0 0 0 0
326 1 0 0 0 0 0 1 1 1
332 2 0 0 0 0 0 1 0 0
354 3 1 1 0 0 0 3 0 0
356 1 0 0 1 0 0 0 0 0
367 3 0 0 1 0 0 1 0 0
368 2 0 0 0 0 0 0 0 0
375 2 0 0 0 0 0 0 0 0
379 297 0 0 0 0 0 289 36 36
396 5 0 0 4 0 0 0 0 0
fn=_dl_count_modids
115 2 1 1 1 0 0 0 0 0
116 2 0 0 2 0 0 0 0 0
fn=_dl_determine_tlsoffset
138 7 1 1 0 0 0 6 0 0
144 3 1 1 1 0 0 0 0 0
147 2 0 0 1 0 0 0 0 0
183 9 1 1 2 0 0 0 0 0
185 10 1 1 1 0 0 0 0 0
187 4 0 0 1 0 0 0 0 0
188 1 1 1 1 0 0 0 0 0
190 3 0 0 0 0 0 0 0 0
192 7 1 1 1 0 0 0 0 0
208 6 0 0 0 0 0 0 0 0
210 4 0 0 0 0 0 0 0 0
220 1 0 0 0 0 0 1 0 0
223 4 0 0 0 0 0 1 0 0
224 1 0 0 0 0 0 1 0 0
275 1 0 0 0 0 0 1 0 0
276 8 1 1 7 0 0 0 0 0
fn=_dl_next_tls_modid
49 1 1 1 0 0 0 0 0 0
52 4 0 0 2 0 0 0 0 0
100 1 0 0 0 0 0 1 0 0
104 2 0 0 1 0 0 0 0 0
fl=/build/glibc-9tT8Do/glibc-2.23/elf/dl-version.c
fn=_dl_check_all_versions
380 5 1 1 0 0 0 4 0 0
384 19 0 0 4 0 0 0 0 0
385 4 0 0 0 0 0 0 0 0
386 40 1 1 4 0 0 4 0 0
389 7 0 0 5 0 0 0 0 0
fn=_dl_check_map_versions
56 24 0 0 4 0 0 0 0 0
57 5 0 0 5 0 0 0 0 0
58 37 1 1 0 0 0 7 0 0
174 36 0 0 0 0 0 24 0 0
175 2 0 0 0 0 0 0 0 0
183 2 0 0 0 0 0 0 0 0
189 12 1 1 4 0 0 0 0 0
190 2 0 0 0 0 0 0 0 0
191 8 0 0 4 0 0 4 0 0
193 8 0 0 4 0 0 4 0 0
194 16 1 1 4 0 0 12 0 0
196 8 0 0 0 0 0 0 0 0
199 6 0 0 4 0 0 2 0 0
203 10 1 1 2 2 2 0 0 0
220 4 0 0 4 0 0 0 0 0
228 6 0 0 2 0 0 0 0 0
233 16 0 0 4 0 0 0 0 0
237 53 2 2 29 1 1 6 0 0
244 18 0 0 9 0 0 0 0 0
247 9 0 0 3 0 0 0 0 0
252 1 0 0 0 0 0 0 0 0
256 12 1 1 4 0 0 0 0 0
270 8 1 1 4 0 0 0 0 0
273 8 0 0 6 0 0 0 0 0
276 120 0 0 30 8 8 0 0 0
279 90 0 0 30 4 4 0 0 0
283 28 0 0 0 0 0 0 0 0
287 9 1 1 0 0 0 0 0 0
292 3 0 0 0 0 0 3 0 0
293 12 0 0 0 0 0 3 0 0
294 6 0 0 0 0 0 0 0 0
302 3 0 0 0 0 0 3 0 0
305 9 1 1 6 0 0 3 0 0
307 9 0 0 3 0 0 0 0 0
310 8 0 0 6 0 0 0 0 0
314 6 0 0 2 0 0 0 0 0
317 9 1 1 3 0 0 0 0 0
319 9 0 0 0 0 0 0 0 0
321 15 0 0 3 0 0 3 0 0
322 9 0 0 0 0 0 3 3 3
323 9 0 0 3 0 0 3 0 0
324 9 1 1 3 0 0 3 0 0
327 9 0 0 3 0 0 0 0 0
332 1 0 0 0 0 0 0 0 0
335 6 0 0 2 0 0 0 0 0
345 9 0 0 3 0 0 0 0 0
348 8 0 0 6 0 0 0 0 0
352 28 0 0 28 0 0 0 0 0
354 60 0 0 30 0 0 0 0 0
359 168 0 0 56 0 0 28 8 8
360 84 0 0 28 0 0 28 0 0
361 28 0 0 0 0 0 28 3 3
364 90 0 0 30 0 0 0 0 0
368 28 0 0 0 0 0 0 0 0
374 35 2 2 28 0 0 0 0 0
fn=match_symbol
76 39 1 1 0 0 0 24 0 0
77 6 0 0 6 0 0 0 0 0
85 6 1 1 3 0 0 0 0 0
91 9 0 0 3 0 0 0 0 0
106 3 0 0 3 0 0 0 0 0
107 6 0 0 0 0 0 0 0 0
109 3 0 0 3 0 0 0 0 0
114 20 1 1 10 4 4 0 0 0
128 20 0 0 10 0 0 0 0 0
133 21 2 2 6 0 0 3 0 0
140 21 0 0 7 1 1 0 0 0
144 7 0 0 0 0 0 0 0 0
168 24 0 0 21 0 0 0 0 0
fl=/build/glibc-9tT8Do/glibc-2.23/elf/do-rel.h
fn=_dl_relocate_object
47 24 0 0 8 0 0 8 0 0
48 8 0 0 8 0 0 0 0 0
58 24 0 0 8 0 0 0 0 0
61 84 1 1 0 0 0 0 0 0
63 92 1 1 23 9 9 0 0 0
65 26 0 0 0 0 0 0 0 0
74 6 0 0 0 0 0 0 0 0
75 46 1 1 17 0 0 0 0 0
76 16 0 0 8 0 0 0 0 0
83 10 0 0 5 0 0 5 0 0
84 5 1 1 5 0 0 0 0 0
86 15 0 0 5 0 0 0 0 0
98 15 0 0 0 0 0 0 0 0
108 9 2 2 1 1 1 0 0 0
111 3584 0 0 0 0 0 0 0 0
112 2384 0 0 1192 0 0 0 0 0
118 15 1 1 5 4 0 0 0 0
121 8 0 0 4 3 0 4 1 0
124 296 1 1 99 1 0 3 1 0
127 368 1 1 92 25 21 0 0 0
129 8 0 0 0 0 0 0 0 0
136 368 0 0 184 46 43 0 0 0
137 593 1 1 92 0 0 92 0 0
138 92 0 0 92 1 0 0 0 0
139 184 0 0 92 0 0 0 0 0
143 6 0 0 0 0 0 0 0 0
160 24 2 2 8 0 0 3 0 0
162 20 1 1 5 2 2 0 0 0
170 30 0 0 5 0 0 5 0 0
171 10 0 0 10 0 0 0 0 0
174 2 0 0 0 0 0 0 0 0
fn=_dl_start
83 1 0 0 1 0 0 0 0 0
84 1 0 0 1 0 0 0 0 0
111 33 0 0 0 0 0 0 0 0
112 20 1 1 10 2 2 0 0 0
116 2 0 0 1 0 0 0 0 0
124 22 1 1 0 0 0 0 0 0
136 6 0 0 6 2 2 0 0 0
137 36 0 0 6 0 0 0 0 0
fl=/build/glibc-9tT8Do/glibc-2.23/elf/get-dynamic-info.h
fn=_dl_map_object_from_fd
39 4 0 0 0 0 0 0 0 0
43 2 0 0 0 0 0 0 0 0
45 141 1 1 47 13 13 0 0 0
47 90 1 1 0 0 0 0 0 0
60 42 0 0 0 0 0 0 0 0
61 71 0 0 0 0 0 43 11 11
62 8 0 0 0 0 0 0 0 0
64 2 0 0 0 0 0 0 0 0
65 10 1 1 0 0 0 0 0 0
67 2 0 0 0 0 0 0 0 0
68 10 1 1 0 0 0 0 0 0
70 10 0 0 0 0 0 2 0 0
71 45 0 0 0 0 0 0 0 0
78 4 0 0 0 0 0 0 0 0
98 7 0 0 3 0 0 0 0 0
99 8 0 0 4 0 0 0 0 0
100 8 1 1 4 0 0 0 0 0
101 8 0 0 4 0 0 0 0 0
103 8 0 0 4 0 0 0 0 0
108 8 0 0 4 0 0 0 0 0
109 7 0 0 3 1 1 0 0 0
110 8 1 1 4 0 0 0 0 0
116 6 0 0 2 0 0 0 0 0
121 4 0 0 2 0 0 0 0 0
128 4 0 0 2 0 0 0 0 0
129 6 1 1 4 0 0 0 0 0
145 6 0 0 2 0 0 0 0 0
150 2 0 0 1 0 0 1 0 0
152 2 0 0 0 0 0 0 0 0
154 2 0 0 0 0 0 0 0 0
156 2 0 0 0 0 0 0 0 0
159 6 1 1 2 0 0 0 0 0
161 4 0 0 1 0 0 1 0 0
169 2 0 0 1 0 0 0 0 0
174 2 0 0 0 0 0 0 0 0
177 4 1 1 2 0 0 0 0 0
fn=_dl_start
45 57 0 0 19 6 6 0 0 0
47 36 0 0 0 0 0 0 0 0
48 26 0 0 0 0 0 13 4 4
60 21 1 1 0 0 0 0 0 0
61 18 0 0 0 0 0 4 3 3
62 4 2 2 0 0 0 0 0 0
64 1 0 0 0 0 0 0 0 0
65 5 0 0 0 0 0 0 0 0
67 2 0 0 0 0 0 0 0 0
68 5 1 1 0 0 0 0 0 0
70 6 2 2 0 0 0 1 1 1
71 18 0 0 0 0 0 0 0 0
78 2 0 0 0 0 0 0 0 0
98 4 0 0 2 0 0 0 0 0
99 4 1 1 2 0 0 0 0 0
100 4 0 0 2 0 0 0 0 0
101 4 0 0 2 0 0 0 0 0
103 4 0 0 2 0 0 0 0 0
108 4 1 1 2 0 0 0 0 0
109 4 0 0 2 0 0 0 0 0
110 4 0 0 2 0 0 0 0 0
116 3 0 0 1 0 0 0 0 0
121 2 1 1 1 0 0 0 0 0
128 3 0 0 1 0 0 0 0 0
129 3 0 0 2 0 0 0 0 0
137 3 0 0 1 0 0 0 0 0
139 3 1 1 1 0 0 0 0 0
142 2 0 0 1 0 0 0 0 0
143 2 0 0 1 0 0 0 0 0
fn=dl_main
30 1 0 0 1 0 0 0 0 0
39 2 0 0 0 0 0 0 0 0
43 1 0 0 0 0 0 0 0 0
45 72 0 0 24 7 7 0 0 0
47 46 0 0 0 0 0 0 0 0
60 17 0 0 0 0 0 0 0 0
61 33 0 0 0 0 0 22 6 6
62 4 1 1 0 0 0 0 0 0
64 1 0 0 0 0 0 0 0 0
65 5 1 1 0 0 0 0 0 0
67 1 1 1 0 0 0 0 0 0
68 5 1 1 0 0 0 0 0 0
70 5 0 0 0 0 0 1 0 0
71 23 0 0 0 0 0 0 0 0
78 3 0 0 1 0 0 0 0 0
116 3 1 1 1 0 0 0 0 0
121 2 0 0 1 0 0 0 0 0
128 2 0 0 1 0 0 0 0 0
129 3 1 1 2 0 0 0 0 0
145 3 0 0 1 0 0 0 0 0
159 3 1 1 1 0 0 0 0 0
177 2 1 1 1 0 0 0 0 0
fl=/build/glibc-9tT8Do/glibc-2.23/elf/rtld.c
fn=_dl_initial_error_catch_tsd
648 8 0 0 4 0 0 0 0 0
fn=_dl_start
286 2 1 1 0 0 0 1 1 1
287 2 0 0 0 0 0 1 0 0
288 2 0 0 0 0 0 1 1 1
289 2 1 1 0 0 0 1 0 0
290 2 0 0 0 0 0 1 0 0
298 5 0 0 0 0 0 1 1 1
301 1 0 0 0 0 0 1 0 0
307 4 1 0 0 0 0 1 0 0
316 1 0 0 0 0 0 0 0 0
319 5 1 0 1 1 0 1 1 0
323 2 0 0 1 0 0 0 0 0
337 9 1 1 0 0 0 6 1 1
355 5 0 0 0 0 0 1 1 1
378 1 0 0 0 0 0 1 0 0
381 1 1 1 0 0 0 1 1 1
392 2 0 0 0 0 0 0 0 0
397 26 2 2 9 0 0 0 0 0
399 1 0 0 1 1 1 0 0 0
424 9 0 0 7 1 0 0 0 0
fn=dl_main
703 1 0 0 1 0 0 0 0 0
705 3 0 0 1 0 0 1 0 0
714 1 0 0 0 0 0 1 0 0
716 1 0 0 0 0 0 1 0 0
721 1 1 1 0 0 0 1 0 0
738 12 2 2 0 0 0 7 1 1
747 1 0 0 0 0 0 0 0 0
753 1 0 0 0 0 0 1 0 0
757 2 0 0 0 0 0 1 0 0
760 2 0 0 0 0 0 1 1 1
764 2 0 0 0 0 0 1 1 1
765 2 1 1 0 0 0 1 0 0
770 2 0 0 0 0 0 1 0 0
780 3 1 1 1 0 0 0 0 0
981 8 1 1 0 0 0 1 0 0
983 2 0 0 0 0 0 0 0 0
984 1 0 0 0 0 0 1 0 0
985 2 1 1 1 0 0 1 0 0
986 2 0 0 1 0 0 1 0 0
990 3 0 0 0 0 0 1 0 0
991 3 0 0 1 0 0 0 0 0
1012 1 0 0 0 0 0 1 1 1
1013 1 1 1 0 0 0 1 0 0
1015 1 0 0 0 0 0 1 0 0
1017 1 0 0 1 0 0 0 0 0
1020 35 0 0 1 0 0 0 0 0
1021 71 1 1 9 5 5 0 0 0
1025 3 1 1 1 0 0 1 0 0
1026 1 0 0 0 0 0 0 0 0
1030 3 1 1 2 0 0 1 0 0
1031 1 0 0 0 0 0 0 0 0
1039 1 0 0 0 0 0 1 1 1
1040 2 0 0 2 1 1 0 0 0
1042 3 1 1 0 0 0 1 0 0
1049 2 0 0 1 0 0 0 0 0
1067 1 0 0 0 0 0 0 0 0
1075 8 0 0 2 0 0 0 0 0
1076 7 2 2 3 1 1 0 0 0
1077 4 1 1 2 0 0 0 0 0
1078 1 0 0 0 0 0 1 0 0
1081 4 0 0 2 1 1 0 0 0
1082 4 0 0 2 0 0 0 0 0
1083 2 0 0 0 0 0 2 0 0
1084 6 0 0 3 0 0 0 0 0
1085 2 0 0 0 0 0 1 0 0
1112 2 0 0 1 0 0 1 0 0
1113 1 0 0 0 0 0 0 0 0
1116 2 1 1 1 0 0 1 0 0
1117 2 0 0 1 0 0 1 0 0
1118 1 0 0 0 0 0 0 0 0
1123 5 1 1 3 1 1 0 0 0
1126 2 0 0 0 0 0 0 0 0
1128 2 0 0 0 0 0 0 0 0
1130 3 1 1 1 0 0 0 0 0
1143 3 0 0 1 0 0 0 0 0
1144 8 0 0 4 0 0 1 0 0
1149 1 0 0 0 0 0 1 0 0
1151 1 1 1 0 0 0 1 1 1
1152 1 0 0 0 0 0 1 0 0
1154 2 0 0 1 0 0 0 0 0
1155 2 0 0 0 0 0 1 0 0
1159 2 0 0 1 0 0 0 0 0
1161 2 1 1 0 0 0 0 0 0
1166 2 0 0 0 0 0 1 0 0
1169 2 0 0 1 0 0 0 0 0
1185 3 2 2 0 0 0 1 0 0
1191 9 1 1 1 0 0 2 0 0
1196 2 1 1 1 0 0 1 0 0
1199 4 1 1 1 0 0 1 0 0
1201 1 0 0 0 0 0 1 0 0
1206 2 0 0 1 0 0 0 0 0
1209 3 0 0 2 0 0 1 0 0
1210 4 1 1 1 0 0 1 0 0
1211 2 0 0 0 0 0 1 0 0
1212 1 0 0 0 0 0 1 0 0
1213 1 0 0 1 0 0 0 0 0
1214 1 0 0 1 0 0 0 0 0
1219 2 0 0 1 0 0 0 0 0
1220 5 0 0 1 0 0 1 0 0
1237 2 1 1 1 1 1 0 0 0
1238 2 0 0 1 0 0 0 0 0
1240 4 0 0 1 0 0 0 0 0
1242 2 1 1 0 0 0 1 0 0
1243 4 0 0 1 0 0 1 1 1
1248 3 0 0 0 0 0 0 0 0
1249 5 0 0 1 1 1 0 0 0
1251 2 0 0 1 0 0 1 1 1
1252 2 1 1 1 0 0 1 0 0
1257 2 0 0 1 0 0 0 0 0
1262 3 0 0 1 0 0 0 0 0
1439 2 0 0 0 0 0 2 0 0
1447 3 1 1 1 0 0 0 0 0
1450 1 0 0 0 0 0 1 0 0
1454 3 0 0 1 0 0 0 0 0
1459 1 0 0 0 0 0 1 0 0
1460 1 0 0 0 0 0 1 0 0
1461 1 0 0 0 0 0 0 0 0
1465 3 0 0 1 0 0 0 0 0
1480 3 1 1 2 0 0 0 0 0
1481 1 1 1 0 0 0 0 0 0
1482 1 0 0 0 0 0 0 0 0
1484 3 0 0 1 0 0 0 0 0
1491 11 2 2 0 0 0 3 0 0
1494 6 0 0 0 0 0 0 0 0
1497 12 0 0 0 0 0 2 0 0
1498 2 0 0 1 0 0 0 0 0
1499 3 1 1 1 0 0 0 0 0
1501 6 0 0 0 0 0 1 0 0
1503 1 1 1 0 0 0 0 0 0
1505 6 0 0 1 0 0 0 0 0
1515 5 0 0 0 0 0 1 0 0
1592 4 0 0 2 0 0 0 0 0
1596 8 1 1 0 0 0 0 0 0
1597 1 0 0 0 0 0 0 0 0
1600 3 0 0 0 0 0 1 0 0
1601 1 0 0 1 0 0 0 0 0
1602 2 0 0 0 0 0 0 0 0
1603 3 1 1 0 0 0 0 0 0
1609 5 0 0 0 0 0 0 0 0
1610 8 0 0 1 0 0 1 0 0
1611 1 0 0 0 0 0 0 0 0
1613 6 1 1 1 0 0 1 0 0
1616 13 1 1 2 0 0 0 0 0
1617 16 0 0 8 0 0 0 0 0
1620 3 0 0 2 0 0 1 0 0
1621 3 0 0 1 0 0 0 0 0
1622 1 1 1 0 0 0 1 0 0
1624 10 0 0 0 0 0 0 0 0
1625 11 1 1 4 0 0 0 0 0
1635 2 1 1 0 0 0 1 0 0
1637 2 0 0 1 0 0 1 0 0
1638 3 0 0 1 0 0 0 0 0
1640 2 0 0 0 0 0 1 0 0
1642 3 1 1 0 0 0 0 0 0
1644 3 0 0 1 0 0 0 0 0
1645 1 0 0 1 0 0 0 0 0
1658 2 0 0 0 0 0 0 0 0
1659 2 1 1 0 0 0 1 0 0
1660 3 0 0 1 0 0 0 0 0
1671 5 0 0 1 0 0 1 0 0
1672 1 0 0 0 0 0 1 0 0
1673 5 1 1 0 0 0 1 0 0
1683 2 0 0 1 0 0 1 0 0
1684 2 0 0 1 0 0 0 0 0
1685 2 1 1 0 0 0 2 0 0
1687 2 0 0 1 0 0 0 0 0
1692 3 0 0 1 0 0 0 0 0
1922 3 0 0 1 1 1 0 0 0
1978 2 1 1 0 0 0 1 0 0
1982 4 0 0 2 0 0 2 0 0
1986 2 0 0 1 0 0 1 0 0
1989 2 1 1 1 0 0 0 0 0
2043 3 1 1 1 0 0 0 0 0
2050 1 0 0 1 0 0 0 0 0
2052 7 1 1 1 0 0 1 0 0
2054 11 1 1 0 0 0 0 0 0
2056 12 0 0 8 1 0 0 0 0
2061 8 0 0 8 0 0 0 0 0
2063 10 0 0 0 0 0 0 0 0
2065 1 1 1 0 0 0 1 0 0
2066 1 1 1 1 0 0 0 0 0
2069 4 0 0 4 0 0 0 0 0
2071 9 0 0 0 0 0 0 0 0
2072 24 0 0 6 2 0 3 0 0
2076 14 0 0 5 2 0 0 0 0
2077 3 0 0 0 0 0 1 0 0
2079 1 0 0 0 0 0 0 0 0
2081 6 0 0 1 1 0 1 0 0
2087 2 0 0 1 0 0 0 0 0
2092 4 1 1 2 1 0 0 0 0
2094 1 0 0 1 0 0 0 0 0
2099 3 0 0 1 0 0 1 0 0
2102 2 0 0 1 0 0 0 0 0
2111 3 1 1 2 0 0 0 0 0
2113 2 0 0 1 0 0 0 0 0
2128 5 0 0 0 0 0 0 0 0
2130 1 1 1 1 0 0 0 0 0
2131 5 0 0 1 0 0 1 0 0
2132 1 0 0 0 0 0 0 0 0
2134 6 0 0 1 0 0 1 0 0
2142 1 1 1 0 0 0 1 0 0
2146 3 0 0 1 0 0 0 0 0
2166 4 0 0 0 0 0 1 0 0
2167 1 0 0 0 0 0 1 0 0
2168 1 0 0 0 0 0 1 0 0
2169 1 0 0 0 0 0 0 0 0
2173 1 0 0 0 0 0 1 0 0
2178 8 0 0 7 1 0 0 0 0
2346 2 0 0 1 0 0 1 1 1
2348 1 0 0 0 0 0 1 0 0
2349 1 0 0 0 0 0 0 0 0
2353 13 1 1 1 0 0 4 1 1
2355 15 0 0 3 0 0 3 0 0
2359 107 1 1 21 0 0 0 0 0
2360 19 0 0 0 0 0 0 0 0
2362 4 0 0 0 0 0 0 0 0
2368 14 1 1 2 1 1 0 0 0
2389 6 1 1 0 0 0 1 0 0
2396 6 1 1 0 0 0 1 0 0
2398 3 1 1 0 0 0 1 0 0
2442 6 2 2 0 0 0 1 0 0
2444 3 0 0 0 0 0 1 1 1
2514 3 0 0 1 0 0 0 0 0
2544 3 0 0 1 0 0 0 0 0
fn=do_preload
654 6 1 1 0 0 0 3 0 0
656 1 1 1 0 0 0 1 0 0
660 1 0 0 0 0 0 1 0 0
661 1 0 0 0 0 0 1 0 0
662 1 0 0 0 0 0 1 0 0
664 1 0 0 1 0 0 0 0 0
666 6 0 0 0 0 0 1 0 0
667 3 0 0 1 0 0 0 0 0
677 3 1 1 1 0 0 0 0 0
681 5 0 0 4 0 0 0 0 0
fn=init_tls
573 2 0 0 0 0 0 1 0 0
575 2 0 0 1 0 0 1 0 0
579 2 0 0 1 0 0 0 0 0
588 1 0 0 0 0 0 1 0 0
589 4 0 0 0 0 0 1 0 0
594 1 0 0 0 0 0 0 0 0
595 2 0 0 0 0 0 1 0 0
596 1 0 0 0 0 0 1 0 0
600 2 1 1 1 1 1 0 0 0
601 1 0 0 0 0 0 0 0 0
602 11 1 1 1 0 0 0 0 0
603 8 0 0 4 0 0 0 0 0
604 8 0 0 4 0 0 0 0 0
608 3 0 0 0 0 0 1 1 1
610 1 0 0 0 0 0 0 0 0
612 3 0 0 0 0 0 0 0 0
615 1 1 1 0 0 0 1 0 0
622 2 0 0 0 0 0 1 0 0
623 2 0 0 0 0 0 0 0 0
629 2 1 1 1 0 0 1 0 0
632 7 0 0 0 0 0 2 0 0
635 1 1 1 0 0 0 1 0 0
637 1 0 0 0 0 0 0 0 0
638 2 0 0 2 0 0 0 0 0
fn=map_doit
480 2 1 1 0 0 0 1 0 0
482 1 0 0 1 0 0 0 0 0
483 9 0 0 2 0 0 2 0 0
485 2 0 0 2 0 0 0 0 0
fn=rtld_lock_default_lock_recursive
688 10 1 1 10 2 1 0 0 0
fn=rtld_lock_default_unlock_recursive
694 10 0 0 10 1 0 0 0 0
fn=version_check_doit
513 2 1 1 0 0 0 1 0 0
515 6 0 0 2 0 0 1 0 0
519 2 1 0 2 0 0 0 0 0
fl=/build/glibc-9tT8Do/glibc-2.23/elf/setup-vdso.h
fn=dl_main
24 2 0 0 1 0 0 0 0 0
fl=/build/glibc-9tT8Do/glibc-2.23/io/../sysdeps/unix/syscall-template.S
fn=__write_nocancel
84 10 0 0 2 0 0 0 0 0
fn=access
84 12 1 1 0 0 0 0 0 0
86 15 1 1 3 0 0 3 0 0
fn=close
84 12 0 0 0 0 0 0 0 0
85 3 0 0 3 0 0 0 0 0
fn=open
84 28 1 1 0 0 0 0 0 0
85 3 0 0 3 0 0 0 0 0
86 20 0 0 4 0 0 4 0 0
fn=read
84 8 0 0 0 0 0 0 0 0
85 2 0 0 2 0 0 0 0 0
fn=write
84 4 1 1 2 0 0 0 0 0
fl=/build/glibc-9tT8Do/glibc-2.23/io/../sysdeps/unix/sysv/linux/wordsize-64/fxstat.c
fn=_fxstat
33 4 0 0 0 0 0 0 0 0
34 8 2 2 0 0 0 0 0 0
35 24 0 0 0 0 0 0 0 0
39 4 0 0 4 0 0 0 0 0
fl=/build/glibc-9tT8Do/glibc-2.23/io/../sysdeps/unix/sysv/linux/wordsize-64/xstat.c
fn=_xstat
33 4 0 0 0 0 0 0 0 0
34 8 1 1 0 0 0 0 0 0
35 36 0 0 3 0 0 3 0 0
39 1 0 0 1 0 0 0 0 0
fl=/build/glibc-9tT8Do/glibc-2.23/libio/filedoalloc.c
fn=_IO_file_doallocate
95 5 1 1 0 0 0 3 1 1
110 8 0 0 3 0 0 1 1 1
112 4 0 0 1 0 0 0 0 0
115 9 0 0 0 0 0 0 0 0
117 1 1 1 1 1 1 0 0 0
120 2 0 0 1 0 0 0 0 0
123 3 1 1 1 0 0 0 0 0
127 3 0 0 0 0 0 1 0 0
128 2 0 0 0 0 0 0 0 0
129 1 0 0 0 0 0 0 0 0
130 4 0 0 0 0 0 1 0 0
131 1 0 0 0 0 0 0 0 0
132 5 0 0 4 0 0 0 0 0
fl=/build/glibc-9tT8Do/glibc-2.23/libio/fileops.c
fn=_IO_do_write@@GLIBC_2.2.5
492 16 0 0 0 0 0 8 0 0
494 17 1 1 0 0 0 0 0 0
495 13 0 0 11 0 0 0 0 0
503 4 0 0 2 0 0 0 0 0
510 8 1 1 4 0 0 0 0 0
518 12 1 1 4 0 0 2 0 0
519 10 0 0 2 0 0 0 0 0
521 8 0 0 2 0 0 6 0 0
522 4 0 0 0 0 0 4 0 0
523 2 0 0 0 0 0 2 0 0
524 4 1 1 2 0 0 0 0 0
525 6 0 0 2 0 0 0 0 0
fn=_IO_file_overflow@@GLIBC_2.2.5
807 90 1 1 0 0 0 54 1 1
808 54 1 1 18 0 0 0 0 0
815 104 0 0 34 0 0 0 0 0
818 2 1 1 1 0 0 0 0 0
820 2 1 1 0 0 0 1 0 0
821 6 1 1 2 0 0 3 0 0
830 2 0 0 0 0 0 0 0 0
839 4 1 1 2 0 0 0 0 0
841 1 0 0 0 0 0 1 0 0
842 2 0 0 0 0 0 1 0 0
843 1 0 0 0 0 0 1 0 0
844 2 0 0 0 0 0 2 0 0
846 3 0 0 0 0 0 1 0 0
847 5 0 0 1 0 0 0 0 0
848 2 1 1 0 0 0 1 0 0
850 36 0 0 0 0 0 0 0 0
851 6 1 1 0 0 0 0 0 0
853 32 0 0 16 0 0 0 0 0
856 48 0 0 0 0 0 32 0 0
857 48 0 0 16 0 0 0 0 0
858 64 0 0 0 0 0 0 0 0
859 6 0 0 1 0 0 1 0 0
860 1 0 0 1 0 0 0 0 0
862 16 0 0 0 0 0 0 0 0
863 70 0 0 70 0 0 0 0 0
fn=_IO_file_setbuf@@GLIBC_2.2.5
450 2 1 1 0 0 0 1 0 0
451 3 0 0 0 0 0 1 0 0
454 2 0 0 0 0 0 2 0 0
455 2 1 1 1 0 0 1 0 0
456 3 0 0 0 0 0 3 0 0
458 1 0 0 0 0 0 0 0 0
459 2 0 0 2 0 0 0 0 0
fn=_IO_file_stat
1229 1 1 1 0 0 0 0 0 0
1230 3 0 0 1 0 0 0 0 0
fn=_IO_file_sync@@GLIBC_2.2.5
868 2 1 1 0 0 0 1 0 0
873 4 1 1 2 0 0 0 0 0
875 1 0 0 1 0 0 0 0 0
876 2 0 0 1 0 0 0 0 0
893 2 1 1 0 0 0 1 0 0
897 2 0 0 2 0 0 0 0 0
fn=_IO_file_write@@GLIBC_2.2.5
1256 12 0 0 0 0 0 10 0 0
1258 20 1 1 0 0 0 0 0 0
1262 4 0 0 0 0 0 0 0 0
1263 12 1 1 4 0 0 2 0 0
1264 4 1 1 0 0 0 0 0 0
1269 2 0 0 0 0 0 0 0 0
1270 2 0 0 0 0 0 0 0 0
1273 6 0 0 2 0 0 0 0 0
1276 12 0 0 12 0 0 0 0 0
fn=_IO_file_xsputn@@GLIBC_2.2.5
1280 30 1 1 0 0 0 18 1 1
1286 6 0 0 0 0 0 0 0 0
1287 3 1 1 0 0 0 0 0 0
1293 12 0 0 3 0 0 0 0 0
1295 6 0 0 4 0 0 0 0 0
1296 4 0 0 0 0 0 0 0 0
1299 16 1 1 0 0 0 0 0 0
1301 16 0 0 5 0 0 0 0 0
1303 1 1 1 0 0 0 0 0 0
1310 4 0 0 2 1 1 0 0 0
1314 7 0 0 0 0 0 0 0 0
1319 10 0 0 0 0 0 4 0 0
1324 2 0 0 0 0 0 0 0 0
1325 6 0 0 0 0 0 0 0 0
1327 4 0 0 0 0 0 0 0 0
1331 13 4 4 4 1 1 2 0 0
1337 4 0 0 4 0 0 0 0 0
1338 14 1 1 0 0 0 0 0 0
1340 6 0 0 0 0 0 0 0 0
1351 4 0 0 0 0 0 0 0 0
1352 6 1 1 0 0 0 1 0 0
1354 6 0 0 0 0 0 0 0 0
1355 24 0 0 21 0 0 0 0 0
fl=/build/glibc-9tT8Do/glibc-2.23/libio/genops.c
fn=_IO_cleanup
888 12 0 0 4 0 0 0 0 0
890 6 1 1 3 1 1 0 0 0
892 7 0 0 2 0 0 0 0 0
898 16 2 2 6 0 0 2 0 0
906 5 0 0 2 0 0 0 0 0
908 2 0 0 0 0 0 1 0 0
910 2 1 1 1 0 0 1 0 0
911 1 0 0 0 0 0 1 0 0
912 2 0 0 1 0 0 1 0 0
915 5 0 0 2 0 0 1 0 0
917 3 0 0 1 0 0 0 0 0
921 5 1 1 1 0 0 0 0 0
922 8 1 1 3 0 0 1 0 0
928 3 0 0 0 0 0 3 0 0
948 5 1 1 0 0 0 4 0 0
951 3 0 0 0 0 0 1 0 0
963 7 0 0 5 0 0 0 0 0
fn=_IO_default_setbuf
381 5 1 1 1 0 0 0 0 0
383 1 0 0 0 0 0 1 0 0
384 1 0 0 0 0 0 1 0 0
388 2 1 1 0 0 0 1 0 0
522 6 2 2 0 0 0 3 0 0
523 4 0 0 2 0 0 1 0 0
525 2 0 0 0 0 0 0 0 0
527 2 0 0 0 0 0 1 0 0
528 2 0 0 0 0 0 0 0 0
532 2 0 0 1 0 0 0 0 0
535 3 0 0 0 0 0 3 0 0
536 3 0 0 0 0 0 3 0 0
537 1 0 0 0 0 0 0 0 0
538 4 0 0 4 0 0 0 0 0
fn=_IO_default_xsputn
422 10 1 1 0 0 0 5 0 0
425 2 1 1 0 0 0 0 0 0
430 28 0 0 14 0 0 0 0 0
455 68 1 1 18 0 0 6 0 0
457 6 0 0 0 0 0 0 0 0
459 2 1 1 0 0 0 0 0 0
460 6 0 0 6 0 0 0 0 0
fn=_IO_doallocbuf
394 3 0 0 0 0 0 3 0 0
395 2 1 1 1 0 0 0 0 0
397 4 0 0 1 0 0 0 0 0
398 5 1 1 2 1 1 1 0 0
401 4 0 0 4 0 0 0 0 0
fn=_IO_flush_all_lockp
760 8 1 1 0 0 0 6 0 0
766 4 1 1 0 0 0 0 0 0
771 1 0 0 1 1 1 0 0 0
772 1 1 1 1 1 1 0 0 0
773 8 0 0 0 0 0 0 0 0
775 3 0 0 0 0 0 3 0 0
776 6 1 1 0 0 0 0 0 0
777 2 0 0 1 0 0 0 0 0
779 21 2 2 9 3 3 0 0 0
789 6 1 1 0 0 0 0 0 0
791 3 1 1 0 0 0 3 0 0
793 11 1 1 3 0 0 0 0 0
800 3 0 0 3 2 2 0 0 0
804 2 0 0 0 0 0 0 0 0
806 2 0 0 0 0 0 0 0 0
810 9 0 0 7 0 0 0 0 0
fn=_IO_setb
380 3 1 1 0 0 0 1 0 0
381 4 0 0 2 0 0 0 0 0
383 1 0 0 0 0 0 1 0 0
384 1 0 0 0 0 0 1 0 0
386 6 0 0 0 0 0 1 0 0
389 3 0 0 2 0 0 0 0 0
fn=__overflow
230 30 1 1 10 0 0 0 0 0
232 30 1 1 20 0 0 0 0 0
fl=/build/glibc-9tT8Do/glibc-2.23/libio/ioputs.c
fn=puts
33 4 1 1 0 0 0 3 0 0
35 2 0 0 0 0 0 1 0 0
36 18 2 2 10 0 0 1 0 0
38 2 1 1 0 0 0 0 0 0
39 3 0 0 1 0 0 0 0 0
40 6 0 0 2 0 0 1 0 0
41 8 3 3 3 0 0 1 0 0
42 4 0 0 0 0 0 0 0 0
46 5 0 0 4 0 0 0 0 0
fl=/build/glibc-9tT8Do/glibc-2.23/libio/libioP.h
fn=puts
866 2 0 0 1 0 0 0 0 0
867 8 0 0 4 0 0 1 0 0
fl=/build/glibc-9tT8Do/glibc-2.23/malloc/arena.c
fn=malloc_hook_ini
260 3 0 0 1 1 1 0 0 0
fn=ptmalloc_init.part.5
221 213 0 0 71 9 0 0 0 0
223 140 0 0 70 33 0 0 0 0
224 2 0 0 1 0 0 0 0 0
225 2 0 0 1 0 0 0 0 0
239 70 0 0 0 0 0 0 0 0
258 6 1 1 0 0 0 5 0 0
263 1 0 0 0 0 0 1 0 0
271 2 1 1 1 0 0 0 0 0
272 7 1 1 0 0 0 1 0 0
273 4 0 0 2 0 0 0 0 0
277 3 0 0 1 1 0 1 1 0
279 5 1 1 2 2 0 0 0 0
295 2 0 0 0 0 0 0 0 0
340 2 1 1 0 0 0 0 0 0
346 2 0 0 2 1 1 0 0 0
347 2 0 0 0 0 0 0 0 0
349 1 0 0 0 0 0 1 1 0
350 7 0 0 6 1 0 0 0 0
fn=sysmalloc
488 132 0 0 0 0 0 44 2 0
fl=/build/glibc-9tT8Do/glibc-2.23/malloc/hooks.c
fn=malloc_hook_ini
29 4 1 1 0 0 0 2 0 0
30 2 0 0 1 0 0 1 0 0
33 4 0 0 3 0 0 0 0 0
fl=/build/glibc-9tT8Do/glibc-2.23/malloc/malloc.c
fn=_int_malloc
1877 6356 1 1 2104 0 0 0 0 0
3317 14728 0 0 0 0 0 12624 1 0
3347 21040 2 2 0 0 0 0 0 0
3351 6312 0 0 0 0 0 2104 3 1
3365 4208 0 0 2104 4 2 0 0 0
3402 4208 1 1 0 0 0 0 0 0
3446 14737 2 2 0 0 0 2104 0 0
3447 4208 0 0 2104 0 0 0 0 0
3448 2 0 0 0 0 0 1 1 0
3467 10520 1 1 2104 3 1 0 0 0
3601 4208 1 1 0 0 0 0 0 0
3603 8416 1 1 2104 0 0 0 0 0
3606 8416 1 1 2104 5 1 0 0 0
3674 4208 0 0 2104 0 0 0 0 0
3675 4208 0 0 0 0 0 0 0 0
3676 4208 0 0 0 0 0 0 0 0
3677 4208 0 0 2104 4 1 0 0 0
3678 4208 0 0 0 0 0 0 0 0
3683 4208 0 0 0 0 0 0 0 0
3687 12615 1 1 0 0 0 0 0 0
3690 8404 0 0 2101 0 0 0 0 0
3790 2104 1 1 2104 3 1 0 0 0
3791 4208 0 0 2104 0 0 0 0 0
3793 6312 1 1 0 0 0 0 0 0
3795 2060 0 0 0 0 0 0 0 0
3796 2060 0 0 0 0 0 0 0 0
3797 2060 0 0 0 0 0 2060 0 0
3798 16480 1 1 0 0 0 2060 0 0
3800 4120 0 0 0 0 0 2060 2060 2060
3803 2060 0 0 0 0 0 0 0 0
3810 88 0 0 44 0 0 0 0 0
3815 6312 0 0 0 0 0 2104 0 0
3817 54704 3 3 0 0 0 21040 5 2
3825 132 1 1 0 0 0 44 1 0
3826 88 0 0 0 0 0 0 0 0
3831 18936 1 1 14728 0 0 0 0 0
5000 6312 0 0 0 0 0 4208 0 0
5002 8416 0 0 0 0 0 2104 0 0
fn=malloc
2900 6312 1 1 0 0 0 4208 0 0
2905 4208 0 0 4208 7 2 0 0 0
2906 4208 0 0 0 0 0 0 0 0
2907 2 1 1 1 0 0 0 0 0
2909 29442 2 2 10515 6 2 0 0 0
2911 8412 1 1 0 0 0 2103 1 1
2914 4206 0 0 0 0 0 0 0 0
2922 8412 0 0 4206 0 0 0 0 0
2924 23133 1 1 2103 0 0 0 0 0
2927 8415 0 0 6311 0 0 0 0 0
fn=malloc_consolidate
1803 254 0 0 0 0 0 0 0 0
1806 381 0 0 0 0 0 254 32 32
1810 3 1 1 0 0 0 0 0 0
1814 3 1 1 1 0 0 1 0 0
1815 3 0 0 1 0 0 1 0 0
1817 1 0 0 0 0 0 1 1 1
4142 2 1 1 1 0 0 0 0 0
4994 4 1 1 0 0 0 0 0 0
fn=malloc_hook_ini
2906 2 1 1 0 0 0 0 0 0
2909 13 3 3 5 1 0 0 0 0
2911 4 0 0 0 0 0 1 0 0
2914 2 0 0 0 0 0 0 0 0
2921 2 1 1 1 1 0 1 0 0
2922 4 1 1 2 0 0 0 0 0
2924 11 0 0 1 0 0 0 0 0
fn=sysmalloc
2266 352 2 2 0 0 0 264 1 0
2286 88 0 0 88 6 0 0 0 0
2297 88 0 0 0 0 0 0 0 0
2298 220 0 0 44 2 0 44 3 0
2313 220 1 1 0 0 0 88 0 0
2319 44 1 1 0 0 0 0 0 0
2378 44 0 0 44 0 0 0 0 0
2379 132 0 0 44 0 0 0 0 0
2380 44 0 0 0 0 0 0 0 0
2389 479 0 0 44 0 0 0 0 0
2395 176 1 1 0 0 0 44 0 0
2398 132 0 0 0 0 0 0 0 0
2453 176 0 0 44 0 0 0 0 0
2461 88 1 1 44 0 0 0 0 0
2462 44 0 0 0 0 0 0 0 0
2472 264 0 0 0 0 0 88 0 0
2480 88 0 0 0 0 0 0 0 0
2482 264 1 1 88 2 0 132 0 0
2483 44 0 0 0 0 0 0 0 0
2486 176 0 0 88 0 0 0 0 0
2489 88 0 0 88 5 0 0 0 0
2490 88 0 0 0 0 0 0 0 0
2510 88 1 1 0 0 0 0 0 0
2536 88 0 0 44 3 1 0 0 0
2537 5 1 1 0 0 0 2 0 0
2538 132 0 0 44 0 0 44 0 0
2544 174 0 0 0 0 0 0 0 0
2545 215 1 1 43 0 0 43 0 0
2547 7 1 1 1 0 0 0 0 0
2584 2 0 0 0 0 0 0 0 0
2590 3 1 1 0 0 0 0 0 0
2609 1 0 0 0 0 0 0 0 0
2612 2 0 0 0 0 0 0 0 0
2613 6 0 0 2 0 0 0 0 0
2615 2 0 0 0 0 0 0 0 0
2616 3 1 1 2 0 0 1 0 0
2628 2 0 0 0 0 0 0 0 0
2636 3 0 0 3 0 0 0 0 0
2637 3 0 0 1 0 0 0 0 0
2675 1 0 0 0 0 0 1 0 0
2676 5 1 1 0 0 0 1 1 1
2677 2 0 0 0 0 0 1 0 0
2688 2 0 0 0 0 0 0 0 0
2721 88 1 1 44 0 0 0 0 0
2722 44 0 0 0 0 0 44 0 0
2730 176 1 1 88 0 0 0 0 0
2732 44 0 0 0 0 0 0 0 0
2733 44 0 0 0 0 0 0 0 0
2734 44 0 0 0 0 0 44 0 0
2735 352 0 0 0 0 0 44 0 0
2736 88 0 0 0 0 0 44 44 44
2738 44 0 0 0 0 0 0 0 0
2744 396 1 1 308 0 0 0 0 0
fl=/build/glibc-9tT8Do/glibc-2.23/malloc/morecore.c
fn=__default_morecore
46 45 1 1 0 0 0 0 0 0
47 45 0 0 0 0 0 45 1 1
48 135 0 0 0 0 0 0 0 0
52 90 0 0 45 0 0 0 0 0
fl=/build/glibc-9tT8Do/glibc-2.23/misc/../sysdeps/unix/syscall-template.S
fn=__syscall_clock_gettime
65 4 1 1 0 0 0 0 0 0
66 2 0 0 2 0 0 0 0 0
fn=mprotect
84 24 1 1 0 0 0 0 0 0
85 6 0 0 6 0 0 0 0 0
fn=munmap
84 4 1 1 0 0 0 0 0 0
85 1 0 0 1 0 0 0 0 0
fl=/build/glibc-9tT8Do/glibc-2.23/misc/../sysdeps/unix/sysv/linux/wordsize-64/mmap.c
fn=mmap
32 90 1 1 0 0 0 54 1 1
33 52 2 2 2 0 0 0 0 0
34 90 0 0 0 0 0 0 0 0
36 63 0 0 63 0 0 0 0 0
fl=/build/glibc-9tT8Do/glibc-2.23/misc/../sysdeps/unix/sysv/linux/x86_64/brk.c
fn=brk
31 360 1 1 45 0 0 45 0 0
33 90 1 1 0 0 0 0 0 0
39 45 0 0 0 0 0 0 0 0
40 45 0 0 45 0 0 0 0 0
fl=/build/glibc-9tT8Do/glibc-2.23/misc/init-misc.c
fn=__init_misc
30 3 0 0 0 0 0 2 0 0
31 6 1 1 1 0 0 0 0 0
33 3 1 1 0 0 0 1 0 0
37 5 0 0 1 1 0 1 0 0
38 3 0 0 2 1 0 1 0 0
40 4 0 0 3 0 0 0 0 0
fl=/build/glibc-9tT8Do/glibc-2.23/misc/sbrk.c
fn=sbrk
34 180 1 1 0 0 0 135 2 0
42 312 0 0 134 5 1 0 0 0
43 6 1 1 1 0 0 1 0 0
46 90 0 0 0 0 0 0 0 0
50 264 0 0 0 0 0 0 0 0
58 176 1 1 0 0 0 44 0 0
62 225 0 0 180 0 0 0 0 0
fl=/build/glibc-9tT8Do/glibc-2.23/nptl/unregister-atfork.c
fn=__unregister_atfork
28 4 1 1 0 0 0 2 0 0
36 1 0 0 1 0 0 0 0 0
39 2 0 0 0 0 0 0 0 0
121 3 0 0 3 0 0 0 0 0
fl=/build/glibc-9tT8Do/glibc-2.23/posix/../sysdeps/unix/syscall-template.S
fn=uname
84 4 1 1 0 0 0 0 0 0
85 1 0 0 1 0 0 0 0 0
fl=/build/glibc-9tT8Do/glibc-2.23/posix/../sysdeps/unix/sysv/linux/_exit.c
fn=_Exit
27 2 1 1 1 0 0 0 0 0
31 4 1 1 0 0 0 0 0 0
33 2 0 0 0 0 0 0 0 0
fl=/build/glibc-9tT8Do/glibc-2.23/rt/../sysdeps/unix/clock_gettime.c
fn=clock_gettime
93 10 1 1 0 0 0 4 1 1
115 16 1 1 4 3 3 2 0 0
134 8 0 0 6 0 0 0 0 0
fl=/build/glibc-9tT8Do/glibc-2.23/setjmp/../sysdeps/x86_64/bsd-_setjmp.S
fn=_setjmp
30 1 1 1 0 0 0 0 0 0
32 1 0 0 0 0 0 0 0 0
fl=/build/glibc-9tT8Do/glibc-2.23/setjmp/../sysdeps/x86_64/setjmp.S
fn=__sigsetjmp
26 4 2 2 0 0 0 4 0 0
35 4 0 0 0 0 0 0 0 0
36 8 1 1 4 0 0 0 0 0
37 4 0 0 0 0 0 4 0 0
41 4 0 0 0 0 0 4 0 0
42 4 0 0 0 0 0 4 0 0
43 4 0 0 0 0 0 4 0 0
44 4 0 0 0 0 0 4 0 0
45 4 0 0 0 0 0 0 0 0
47 8 0 0 4 0 0 0 0 0
49 4 0 0 0 0 0 4 1 1
50 4 0 0 4 0 0 0 0 0
51 4 0 0 0 0 0 0 0 0
53 8 1 1 4 0 0 0 0 0
55 4 1 1 0 0 0 4 0 0
59 3 0 0 0 0 0 0 0 0
60 3 0 0 3 0 0 0 0 0
64 1 0 0 0 0 0 0 0 0
fl=/build/glibc-9tT8Do/glibc-2.23/setjmp/sigjmp.c
fn=__sigjmp_save
28 3 0 0 0 0 0 1 0 0
29 3 0 0 0 0 0 1 0 0
34 3 0 0 2 0 0 0 0 0
fl=/build/glibc-9tT8Do/glibc-2.23/stdio-common/../include/../locale/localeinfo.h
fn=__printf_fp_l
306 3 0 0 2 2 2 1 0 0
fl=/build/glibc-9tT8Do/glibc-2.23/stdio-common/../include/rounding-mode.h
fn=__printf_fp_l
52 4 0 0 1 0 0 0 0 0
fl=/build/glibc-9tT8Do/glibc-2.23/stdio-common/../sysdeps/generic/get-rounding-mode.h
fn=__printf_fp_l
94 1 0 0 0 0 0 1 0 0
95 7 2 2 1 0 0 0 0 0
fl=/build/glibc-9tT8Do/glibc-2.23/stdio-common/../sysdeps/pthread/allocalim.h
fn=__printf_fp_l
29 2 0 0 0 0 0 0 0 0
fl=/build/glibc-9tT8Do/glibc-2.23/stdio-common/printf-parse.h
fn=vfprintf
108 10 0 0 0 0 0 5 1 1
fl=/build/glibc-9tT8Do/glibc-2.23/stdio-common/printf.c
fn=printf
28 16 2 2 0 0 0 13 1 1
32 6 1 1 0 0 0 4 0 0
33 5 0 0 2 2 2 1 0 0
37 2 0 0 1 0 0 0 0 0
fl=/build/glibc-9tT8Do/glibc-2.23/stdio-common/printf_fp.c
fn=__printf_fp
1256 1 0 0 0 0 0 0 0 0
1257 5 1 1 2 1 1 0 0 0
fn=__printf_fp_l
172 18 1 1 6 0 0 0 0 0
174 18 0 0 6 0 0 0 0 0
182 18 0 0 6 0 0 0 0 0
186 36 1 1 18 0 0 6 0 0
188 24 0 0 18 0 0 6 0 0
189 6 0 0 6 0 0 0 0 0
191 12 0 0 6 0 0 6 0 0
192 42 1 1 12 0 0 0 0 0
203 18 1 1 0 0 0 6 0 0
204 12 0 0 0 0 0 0 0 0
205 25 0 0 10 0 0 10 0 0
215 11 1 1 0 0 0 7 0 0
245 1 0 0 0 0 0 1 0 0
248 10 2 2 1 0 0 1 0 0
254 6 0 0 1 0 0 1 0 0
261 1 1 1 0 0 0 1 0 0
264 2 0 0 0 0 0 0 0 0
267 2 0 0 1 0 0 1 0 0
285 3 1 1 1 0 0 0 0 0
316 2 0 0 0 0 0 2 0 0
318 1 0 0 0 0 0 1 0 0
332 2 0 0 0 0 0 0 0 0
334 1 0 0 1 0 0 0 0 0
378 1 1 1 1 0 0 0 0 0
381 2 0 0 0 0 0 0 0 0
395 4 0 0 2 2 2 0 0 0
411 9 1 1 0 0 0 3 0 0
415 3 0 0 0 0 0 0 0 0
435 12 1 1 0 0 0 0 0 0
451 1 0 0 1 0 0 0 0 0
454 9 1 1 0 0 0 0 0 0
455 7 0 0 0 0 0 1 0 0
456 4 1 1 0 0 0 1 0 0
457 4 0 0 0 0 0 1 0 0
463 1 0 0 0 0 0 1 0 0
464 2 0 0 0 0 0 0 0 0
473 3 1 1 0 0 0 0 0 0
481 15 2 2 0 0 0 1 0 0
485 10 1 1 2 0 0 1 0 0
486 2 0 0 0 0 0 0 0 0
487 5 0 0 1 0 0 2 0 0
489 2 1 1 0 0 0 0 0 0
494 13 1 1 0 0 0 0 0 0
498 65 1 1 13 5 5 0 0 0
500 4 0 0 0 0 0 0 0 0
523 4 0 0 2 0 0 2 0 0
524 14 0 0 6 1 1 2 0 0
540 20 2 2 9 0 0 2 0 0
543 5 0 0 2 0 0 2 0 0
544 4 0 0 3 0 0 0 0 0
545 5 0 0 0 0 0 0 0 0
546 5 1 1 1 0 0 0 0 0
549 13 0 0 0 0 0 0 0 0
551 51 0 0 12 0 0 0 0 0
552 2 0 0 1 0 0 1 0 0
558 2 0 0 0 0 0 0 0 0
562 7 1 1 4 0 0 0 0 0
566 3 1 1 1 0 0 0 0 0
568 8 1 1 1 0 0 0 0 0
594 3 1 1 0 0 0 0 0 0
597 6 1 1 0 0 0 0 0 0
613 5 1 1 0 0 0 2 0 0
615 2 0 0 0 0 0 0 0 0
628 1 0 0 1 0 0 0 0 0
629 7 0 0 3 0 0 1 0 0
632 2 1 1 0 0 0 1 0 0
633 7 0 0 3 0 0 0 0 0
812 2 0 0 1 0 0 1 0 0
821 1 1 1 0 0 0 1 0 0
822 6 1 1 4 2 2 1 0 0
824 2 0 0 0 0 0 0 0 0
834 2 0 0 1 0 0 0 0 0
836 1 0 0 0 0 0 1 0 0
837 10 3 3 2 0 0 3 0 0
838 1 0 0 0 0 0 1 0 0
839 1 0 0 0 0 0 1 0 0
840 3 0 0 1 0 0 0 0 0
842 3 0 0 1 0 0 1 0 0
844 2 0 0 0 0 0 1 0 0
882 3 1 1 1 0 0 0 0 0
896 7 1 1 2 0 0 0 0 0
903 1 0 0 0 0 0 0 0 0
913 7 1 1 0 0 0 2 0 0
914 10 0 0 3 0 0 2 0 0
917 3 0 0 1 0 0 0 0 0
920 13 1 1 5 0 0 1 0 0
923 8 1 1 0 0 0 4 1 1
925 1 0 0 0 0 0 1 0 0
927 5 0 0 2 0 0 0 0 0
929 4 1 1 2 0 0 1 0 0
941 3 0 0 1 0 0 1 0 0
942 7 1 1 0 0 0 3 0 0
943 28 0 0 7 0 0 0 0 0
944 5 1 1 2 0 0 0 0 0
946 6 0 0 0 0 0 0 0 0
947 6 0 0 0 0 0 6 0 0
948 6 0 0 0 0 0 0 0 0
950 12 0 0 0 0 0 0 0 0
959 5 0 0 3 0 0 0 0 0
960 3 1 1 1 0 0 2 0 0
962 3 0 0 1 0 0 0 0 0
964 5 1 1 3 0 0 0 0 0
967 9 0 0 4 0 0 1 0 0
1078 4 1 1 0 0 0 0 0 0
1085 2 0 0 0 0 0 0 0 0
1088 2 0 0 1 0 0 0 0 0
1101 3 2 2 1 0 0 0 0 0
1147 6 1 1 2 0 0 0 0 0
1149 7 1 1 2 0 0 1 0 0
1151 5 0 0 1 0 0 0 0 0
1154 2 0 0 0 0 0 0 0 0
1156 3 1 1 1 0 0 0 0 0
1157 1 1 1 0 0 0 0 0 0
1158 2 2 2 0 0 0 0 0 0
1159 4 1 1 1 0 0 0 0 0
1161 4 1 1 1 0 0 0 0 0
1170 3 1 1 1 0 0 0 0 0
1177 4 0 0 1 0 0 1 0 0
1180 1 0 0 0 0 0 0 0 0
1182 3 1 1 1 0 0 2 0 0
1184 3 0 0 1 0 0 0 0 0
1185 2 0 0 0 0 0 1 0 0
1189 5 1 1 2 0 0 1 0 0
1191 3 0 0 1 0 0 0 0 0
1202 6 1 1 0 0 0 0 0 0
1209 40 2 2 3 0 0 3 0 0
1210 27 0 0 9 0 0 0 0 0
1211 5 1 1 2 0 0 1 0 0
1212 16 0 0 0 0 0 0 0 0
1215 16 0 0 0 0 0 8 0 0
1219 2 0 0 1 0 0 0 0 0
1236 129 2 2 27 0 0 10 0 0
1239 3 1 1 1 0 0 0 0 0
1246 2 1 1 1 0 0 0 0 0
1247 24 1 1 0 0 0 0 0 0
1250 9 1 1 7 0 0 0 0 0
fn=hack_digit
169 9 1 1 0 0 0 6 0 0
172 9 0 0 3 0 0 0 0 0
174 12 0 0 3 0 0 0 0 0
182 9 0 0 3 0 0 0 0 0
186 18 2 2 9 0 0 3 0 0
188 12 0 0 9 0 0 3 0 0
189 3 0 0 3 0 0 0 0 0
191 6 0 0 3 0 0 3 0 0
192 21 0 0 6 0 0 0 0 0
203 9 0 0 0 0 0 3 0 0
204 6 0 0 0 0 0 0 0 0
205 10 0 0 4 0 0 4 0 0
209 21 1 1 9 0 0 0 0 0
fl=/build/glibc-9tT8Do/glibc-2.23/stdio-common/vfprintf.c
fn=vfprintf
1236 8 2 2 0 0 0 6 0 0
1267 3 0 0 2 2 2 1 1 1
1275 4 0 0 1 1 1 1 0 0
1279 5 0 0 1 1 1 0 0 0
1290 5 1 1 0 0 0 0 0 0
1301 6 1 1 3 0 0 3 0 0
1312 1 0 0 0 0 0 1 0 0
1316 10 2 2 3 1 1 2 1 1
1317 14 1 1 7 3 3 1 0 0
1320 15 2 2 3 1 1 2 0 0
1324 3 1 1 2 0 0 0 0 0
1328 12 3 3 3 1 1 5 1 1
1349 1 0 0 0 0 0 1 0 0
1350 1 1 1 0 0 0 1 0 0
1351 1 0 0 0 0 0 1 0 0
1352 1 0 0 0 0 0 1 0 0
1353 1 0 0 0 0 0 1 0 0
1354 1 0 0 0 0 0 1 0 0
1355 1 1 1 0 0 0 1 0 0
1356 1 0 0 0 0 0 1 0 0
1357 1 0 0 0 0 0 1 0 0
1358 1 0 0 0 0 0 1 0 0
1359 1 0 0 0 0 0 1 0 0
1362 1 0 0 0 0 0 1 0 0
1363 1 1 1 0 0 0 1 0 0
1366 1 0 0 0 0 0 0 0 0
1367 4 0 0 1 0 0 1 0 0
1370 16 1 1 3 2 2 1 0 0
1531 2 0 0 0 0 0 1 0 0
1552 2 0 0 0 0 0 1 0 0
1603 1 0 0 0 0 0 1 0 0
1604 18 2 2 4 1 1 1 0 0
1631 76 8 8 20 0 0 18 0 0
1632 2 0 0 0 0 0 1 1 1
1649 1 1 1 1 0 0 0 0 0
1651 2 0 0 0 0 0 0 0 0
1659 4 1 1 1 0 0 2 0 0
1663 25 2 2 7 0 0 3 0 0
1665 3 0 0 1 0 0 0 0 0
1685 10 1 1 5 0 0 1 0 0
1686 2 0 0 0 0 0 0 0 0
1688 1 0 0 0 0 0 0 0 0
1689 8 0 0 7 0 0 0 0 0
fl=/build/glibc-9tT8Do/glibc-2.23/stdlib/../sysdeps/ieee754/dbl-64/dbl2mpn.c
fn=__mpn_extract_double
33 1 0 0 0 0 0 0 0 0
37 3 1 1 0 0 0 1 0 0
38 5 0 0 0 0 0 1 0 0
47 3 1 1 0 0 0 1 0 0
56 3 0 0 0 0 0 0 0 0
103 3 1 1 0 0 0 1 0 0
107 2 0 0 1 0 0 0 0 0
fl=/build/glibc-9tT8Do/glibc-2.23/stdlib/../sysdeps/x86_64/lshift.S
fn=__mpn_lshift
29 1 1 1 0 0 0 0 0 0
30 1 0 0 0 0 0 0 0 0
32 1 0 0 0 0 0 0 0 0
33 1 0 0 0 0 0 0 0 0
34 1 1 1 0 0 0 0 0 0
46 1 0 0 0 0 0 0 0 0
47 1 0 0 0 0 0 0 0 0
48 1 0 0 1 0 0 0 0 0
49 1 0 0 0 0 0 0 0 0
50 1 0 0 0 0 0 0 0 0
51 1 0 0 0 0 0 0 0 0
52 1 0 0 0 0 0 0 0 0
58 1 1 1 0 0 0 0 0 0
59 1 0 0 0 0 0 1 0 0
60 1 0 0 1 0 0 0 0 0
fl=/build/glibc-9tT8Do/glibc-2.23/stdlib/../sysdeps/x86_64/mul_1.S
fn=__mpn_mul_1
32 9 1 1 0 0 0 9 0 0
35 9 0 0 0 0 0 0 0 0
36 9 0 0 9 0 0 0 0 0
37 9 0 0 0 0 0 0 0 0
38 9 0 0 0 0 0 0 0 0
39 9 0 0 0 0 0 0 0 0
41 9 0 0 0 0 0 0 0 0
42 9 0 0 0 0 0 0 0 0
44 9 0 0 0 0 0 0 0 0
45 9 0 0 0 0 0 0 0 0
46 9 0 0 0 0 0 0 0 0
47 9 1 1 0 0 0 0 0 0
48 9 0 0 0 0 0 0 0 0
50 9 0 0 0 0 0 0 0 0
51 9 0 0 0 0 0 0 0 0
52 9 0 0 0 0 0 9 0 0
53 9 0 0 0 0 0 0 0 0
122 9 1 1 0 0 0 0 0 0
124 9 0 0 9 0 0 0 0 0
127 9 0 0 9 0 0 0 0 0
fl=/build/glibc-9tT8Do/glibc-2.23/stdlib/../sysdeps/x86_64/rshift.S
fn=__mpn_rshift
29 2 1 1 0 0 0 0 0 0
30 2 0 0 0 0 0 0 0 0
31 2 0 0 0 0 0 0 0 0
44 2 0 0 0 0 0 0 0 0
45 2 0 0 0 0 0 0 0 0
61 2 1 1 0 0 0 0 0 0
62 2 0 0 2 0 0 0 0 0
63 2 0 0 2 0 0 0 0 0
64 2 0 0 0 0 0 0 0 0
65 2 0 0 0 0 0 0 0 0
66 2 0 0 0 0 0 0 0 0
67 2 0 0 0 0 0 0 0 0
72 2 0 0 0 0 0 0 0 0
73 2 0 0 0 0 0 2 0 0
74 2 1 1 0 0 0 0 0 0
75 2 0 0 0 0 0 2 0 0
76 2 0 0 2 0 0 0 0 0
fl=/build/glibc-9tT8Do/glibc-2.23/stdlib/cmp.c
fn=__mpn_cmp
35 4 1 1 0 0 0 0 0 0
37 2 0 0 2 0 0 0 0 0
38 2 0 0 2 0 0 0 0 0
39 4 0 0 0 0 0 0 0 0
47 10 0 0 2 0 0 0 0 0
fl=/build/glibc-9tT8Do/glibc-2.23/stdlib/cxa_atexit.c
fn=__cxa_atexit
35 2 0 0 0 0 0 1 0 0
37 2 0 0 0 0 0 0 0 0
41 3 0 0 1 0 0 0 0 0
43 1 0 0 0 0 0 1 0 0
44 1 0 0 0 0 0 1 0 0
45 1 0 0 0 0 0 1 0 0
47 1 1 1 0 0 0 1 0 0
48 1 0 0 0 0 0 0 0 0
57 6 1 1 0 0 0 3 0 0
59 4 0 0 4 0 0 0 0 0
fn=__new_exitfn
73 4 1 1 0 0 0 2 0 0
79 6 1 1 2 2 2 0 0 0
81 9 1 1 2 1 0 0 0 0
83 3 1 1 1 1 0 0 0 0
91 2 0 0 0 0 0 1 0 0
112 1 1 1 0 0 0 0 0 0
113 2 1 1 0 0 0 1 0 0
126 1 1 1 0 0 0 1 0 0
127 1 0 0 1 1 1 0 0 0
130 4 0 0 2 0 0 0 0 0
133 5 0 0 3 0 0 0 0 0
fl=/build/glibc-9tT8Do/glibc-2.23/stdlib/cxa_finalize.c
fn=__cxa_finalize
31 8 0 0 0 0 0 6 0 0
35 7 1 1 2 0 0 0 0 0
39 6 1 1 1 0 0 0 0 0
48 1 0 0 0 0 0 0 0 0
67 7 1 1 2 1 1 0 0 0
71 6 0 0 1 1 1 0 0 0
79 2 0 0 0 0 0 0 0 0
80 2 0 0 0 0 0 0 0 0
82 7 1 1 6 0 0 0 0 0
fl=/build/glibc-9tT8Do/glibc-2.23/stdlib/cxa_thread_atexit_impl.c
fn=__call_tls_dtors
145 3 1 1 0 0 0 2 0 0
146 4 0 0 2 0 0 0 0 0
164 4 1 1 3 0 0 0 0 0
fl=/build/glibc-9tT8Do/glibc-2.23/stdlib/divrem.c
fn=__mpn_divrem
46 72 1 1 0 0 0 54 1 1
47 9 0 0 0 0 0 0 0 0
49 18 0 0 0 0 0 0 0 0
62 9 1 1 9 0 0 0 0 0
63 9 0 0 9 0 0 0 0 0
65 18 0 0 0 0 0 0 0 0
71 18 1 1 0 0 0 0 0 0
72 66 0 0 0 0 0 0 0 0
73 24 0 0 8 0 0 8 0 0
76 18 0 0 0 0 0 0 0 0
79 9 1 1 0 0 0 9 0 0
81 9 0 0 0 0 0 0 0 0
234 72 0 0 63 0 0 0 0 0
fl=/build/glibc-9tT8Do/glibc-2.23/stdlib/exit.c
fn=__run_exit_handlers
35 8 1 1 0 0 0 4 0 0
40 2 0 0 1 1 1 1 0 0
46 8 0 0 2 1 1 0 0 0
50 6 1 1 0 0 0 0 0 0
52 1 0 0 0 0 0 1 0 0
53 1 0 0 0 0 0 0 0 0
54 5 0 0 1 0 0 0 0 0
78 2 1 1 0 0 0 0 0 0
80 3 0 0 2 0 0 0 0 0
82 3 0 0 1 0 0 1 0 0
83 1 0 0 0 0 0 0 0 0
87 2 0 0 1 0 0 1 0 0
88 2 0 0 0 0 0 0 0 0
94 2 1 1 0 0 0 0 0 0
95 8 0 0 1 1 1 1 0 0
97 2 0 0 0 0 0 1 0 0
fn=exit
103 1 0 0 0 0 0 0 0 0
104 3 2 2 0 0 0 1 0 0
fl=/build/glibc-9tT8Do/glibc-2.23/stdlib/rand.c
fn=rand
26 980000 1 1 0 0 0 0 0 0
27 980000 0 0 0 0 0 980000 0 0
28 1960000 0 0 980000 0 0 0 0 0
fl=/build/glibc-9tT8Do/glibc-2.23/stdlib/random.c
fn=random
288 980000 1 1 0 0 0 0 0 0
291 5880000 0 0 1960000 1 0 0 0 0
293 2940000 1 1 0 0 0 980000 0 0
295 3920000 0 0 1960000 0 0 0 0 0
297 980000 1 1 980000 0 0 0 0 0
298 1960000 0 0 980000 0 0 0 0 0
fn=srand
209 4 1 1 0 0 0 0 0 0
210 12 0 0 4 1 1 0 0 0
211 6 1 1 0 0 0 2 0 0
212 8 0 0 4 0 0 0 0 0
213 4 1 1 2 0 0 0 0 0
fl=/build/glibc-9tT8Do/glibc-2.23/stdlib/random_r.c
fn=random_r
357 3922480 1 1 0 0 0 0 0 0
360 2910228 1 1 980620 0 0 0 0 0
362 2941860 0 0 980620 1 0 0 0 0
371 980620 0 0 980620 0 0 0 0 0
372 980620 0 0 980620 0 0 0 0 0
373 980620 0 0 980620 1 0 0 0 0
376 2941860 0 0 1961240 3 0 980620 0 0
378 1961240 0 0 0 0 0 980620 0 0
379 980620 0 0 0 0 0 0 0 0
380 1961240 0 0 0 0 0 0 0 0
383 980620 0 0 0 0 0 0 0 0
391 980620 0 0 0 0 0 980620 0 0
392 1929608 0 0 948988 0 0 980620 0 0
394 1012252 0 0 31632 0 0 0 0 0
fn=srandom_r
162 8 1 1 0 0 0 6 0 0
170 4 0 0 0 0 0 0 0 0
172 2 0 0 2 1 0 0 0 0
173 4 0 0 0 0 0 0 0 0
176 2 1 1 2 0 0 0 0 0
178 6 0 0 0 0 0 0 0 0
180 2 0 0 0 0 0 2 0 0
181 4 0 0 0 0 0 0 0 0
186 4 0 0 2 0 0 0 0 0
187 188 0 0 0 0 0 0 0 0
194 722 1 1 0 0 0 0 0 0
196 180 0 0 0 0 0 0 0 0
197 60 0 0 0 0 0 60 2 2
200 8 1 1 2 1 0 2 0 0
201 4 0 0 0 0 0 2 0 0
202 2 0 0 0 0 0 0 0 0
203 1868 0 0 0 0 0 0 0 0
206 1860 0 0 0 0 0 620 1 0
210 2 0 0 0 0 0 0 0 0
214 10 0 0 8 0 0 0 0 0
fl=/build/glibc-9tT8Do/glibc-2.23/string/../bits/stdlib-bsearch.h
fn=intel_check_word
27 8 0 0 0 0 0 0 0 0
28 16 0 0 0 0 0 0 0 0
29 112 0 0 0 0 0 0 0 0
31 152 1 1 0 0 0 0 0 0
32 54 0 0 0 0 0 0 0 0
37 10 0 0 0 0 0 0 0 0
fl=/build/glibc-9tT8Do/glibc-2.23/string/../sysdeps/x86_64/cacheinfo.c
fn=handle_intel
261 16 0 0 0 0 0 12 0 0
262 4 1 1 0 0 0 0 0 0
273 6 0 0 0 0 0 2 0 0
275 2 0 0 0 0 0 2 0 0
276 4 0 0 0 0 0 2 0 0
278 2 1 1 0 0 0 0 0 0
284 10 1 1 0 0 0 2 0 0
289 4 0 0 0 0 0 0 0 0
291 6 0 0 0 0 0 2 0 0
292 2 0 0 0 0 0 0 0 0
296 8 0 0 0 0 0 2 0 0
297 4 1 1 0 0 0 0 0 0
300 10 0 0 0 0 0 2 0 0
301 4 0 0 0 0 0 0 0 0
318 16 1 1 14 0 0 0 0 0
fn=init_cacheinfo
482 5 1 1 0 0 0 5 0 0
494 4 0 0 2 0 0 0 0 0
496 5 0 0 1 0 0 1 0 0
499 1 0 0 0 0 0 0 0 0
500 4 1 1 0 0 0 1 0 0
502 2 0 0 0 0 0 0 0 0
511 2 0 0 0 0 0 0 0 0
513 1 0 0 1 0 0 0 0 0
514 1 0 0 1 0 0 0 0 0
516 1 0 0 0 0 0 0 0 0
521 18 1 1 0 0 0 0 0 0
527 8 0 0 0 0 0 0 0 0
530 20 0 0 0 0 0 0 0 0
532 1 1 1 0 0 0 0 0 0
538 6 0 0 0 0 0 0 0 0
545 11 1 1 0 0 0 0 0 0
547 2 0 0 0 0 0 0 0 0
548 2 0 0 0 0 0 0 0 0
549 8 0 0 0 0 0 0 0 0
551 4 0 0 0 0 0 0 0 0
556 1 0 0 0 0 0 0 0 0
558 3 0 0 0 0 0 0 0 0
559 4 0 0 0 0 0 0 0 0
564 2 0 0 0 0 0 0 0 0
565 6 1 1 0 0 0 0 0 0
596 4 0 0 0 0 0 0 0 0
597 5 0 0 0 0 0 0 0 0
652 2 0 0 0 0 0 0 0 0
654 3 1 1 0 0 0 1 0 0
655 1 0 0 0 0 0 1 1 1
657 1 0 0 0 0 0 0 0 0
658 3 0 0 0 0 0 1 0 0
659 1 0 0 0 0 0 1 0 0
662 2 0 0 0 0 0 0 0 0
664 3 0 0 0 0 0 1 0 0
665 1 0 0 0 0 0 1 0 0
667 1 1 1 0 0 0 0 0 0
668 3 0 0 0 0 0 1 0 0
669 1 0 0 0 0 0 1 0 0
671 6 0 0 6 0 0 0 0 0
fn=intel_check_word
121 108 0 0 54 6 6 0 0 0
124 54 0 0 0 0 0 0 0 0
132 24 0 0 0 0 0 16 0 0
133 8 1 1 0 0 0 0 0 0
135 2 0 0 0 0 0 0 0 0
139 28 1 1 0 0 0 0 0 0
141 24 1 1 0 0 0 0 0 0
143 10 1 1 0 0 0 0 0 0
145 20 0 0 0 0 0 0 0 0
153 20 0 0 0 0 0 0 0 0
165 17 1 1 0 0 0 0 0 0
168 15 0 0 0 0 0 0 0 0
172 10 0 0 0 0 0 0 0 0
174 10 0 0 0 0 0 0 0 0
175 26 0 0 0 0 0 0 0 0
177 21 1 1 0 0 0 0 0 0
178 10 0 0 0 0 0 0 0 0
179 10 0 0 0 0 0 0 0 0
180 6 0 0 0 0 0 0 0 0
182 2 1 1 0 0 0 0 0 0
184 4 0 0 0 0 0 0 0 0
186 32 2 2 0 0 0 0 0 0
197 3 1 1 0 0 0 0 0 0
204 16 0 0 0 0 0 0 0 0
209 8 0 0 4 0 0 0 0 0
212 24 0 0 8 0 0 0 0 0
226 8 0 0 0 0 0 0 0 0
251 8 0 0 0 0 0 0 0 0
256 24 0 0 20 0 0 0 0 0
fl=/build/glibc-9tT8Do/glibc-2.23/string/../sysdeps/x86_64/memcpy.S
fn=__GI_mempcpy
61 3 1 1 0 0 0 0 0 0
65 3 0 0 0 0 0 0 0 0
68 3 0 0 0 0 0 0 0 0
69 3 0 0 0 0 0 0 0 0
71 2 0 0 2 0 0 0 0 0
72 2 0 0 0 0 0 2 0 0
74 2 0 0 0 0 0 0 0 0
75 2 0 0 0 0 0 0 0 0
80 3 0 0 0 0 0 0 0 0
81 3 0 0 0 0 0 0 0 0
92 3 0 0 0 0 0 0 0 0
93 3 0 0 0 0 0 0 0 0
95 1 0 0 1 0 0 0 0 0
96 1 0 0 0 0 0 1 0 0
98 1 0 0 0 0 0 0 0 0
99 1 0 0 0 0 0 0 0 0
104 3 0 0 0 0 0 0 0 0
105 3 0 0 0 0 0 0 0 0
116 3 1 1 0 0 0 0 0 0
117 3 0 0 0 0 0 0 0 0
138 3 0 0 0 0 0 0 0 0
142 3 0 0 3 0 0 0 0 0
fn=mempcpy
61 17 1 1 0 0 0 0 0 0
65 17 0 0 0 0 0 0 0 0
68 16 0 0 0 0 0 0 0 0
69 16 0 0 0 0 0 0 0 0
71 7 0 0 7 2 2 0 0 0
72 7 0 0 0 0 0 7 1 1
74 7 0 0 0 0 0 0 0 0
75 7 0 0 0 0 0 0 0 0
80 16 0 0 0 0 0 0 0 0
81 16 0 0 0 0 0 0 0 0
83 10 0 0 10 0 0 0 0 0
84 10 1 1 0 0 0 10 0 0
86 10 0 0 0 0 0 0 0 0
87 10 0 0 0 0 0 0 0 0
92 16 0 0 0 0 0 0 0 0
93 16 0 0 0 0 0 0 0 0
95 5 0 0 5 0 0 0 0 0
96 5 0 0 0 0 0 5 0 0
98 5 0 0 0 0 0 0 0 0
99 5 0 0 0 0 0 0 0 0
104 16 0 0 0 0 0 0 0 0
105 16 0 0 0 0 0 0 0 0
107 7 0 0 7 0 0 0 0 0
108 7 0 0 0 0 0 7 1 1
110 7 0 0 0 0 0 0 0 0
111 14 0 0 0 0 0 0 0 0
116 16 0 0 0 0 0 0 0 0
117 18 0 0 0 0 0 0 0 0
122 2 0 0 2 0 0 0 0 0
123 2 0 0 2 0 0 0 0 0
124 2 0 0 0 0 0 2 1 1
125 2 0 0 0 0 0 2 0 0
127 2 0 0 0 0 0 0 0 0
129 2 0 0 0 0 0 0 0 0
130 2 0 0 0 0 0 0 0 0
132 2 0 0 0 0 0 0 0 0
138 16 1 1 0 0 0 0 0 0
142 16 0 0 16 0 0 0 0 0
154 2 0 0 0 0 0 0 0 0
156 2 0 0 0 0 0 0 0 0
157 2 0 0 0 0 0 0 0 0
183 2 1 1 0 0 0 0 0 0
184 2 0 0 0 0 0 0 0 0
187 2 0 0 0 0 0 0 0 0
188 2 0 0 0 0 0 0 0 0
189 2 0 0 0 0 0 0 0 0
194 2 0 0 0 0 0 0 0 0
196 2 0 0 2 0 0 0 0 0
197 2 0 0 2 0 0 0 0 0
198 2 0 0 2 0 0 0 0 0
199 2 0 0 2 0 0 0 0 0
201 2 0 0 0 0 0 2 0 0
202 2 0 0 0 0 0 2 1 1
203 2 0 0 0 0 0 2 0 0
204 2 0 0 0 0 0 2 1 1
206 2 1 1 0 0 0 0 0 0
207 2 0 0 0 0 0 0 0 0
209 2 0 0 0 0 0 0 0 0
231 2 1 1 0 0 0 0 0 0
233 2 0 0 0 0 0 0 0 0
235 1 0 0 0 0 0 0 0 0
242 1 0 0 1 0 0 0 0 0
fl=/build/glibc-9tT8Do/glibc-2.23/string/../sysdeps/x86_64/multiarch/../memcmp.S
fn=bcmp
24 13 1 1 0 0 0 0 0 0
25 13 0 0 0 0 0 0 0 0
26 13 0 0 0 0 0 0 0 0
27 13 0 0 0 0 0 0 0 0
28 13 0 0 0 0 0 0 0 0
29 13 0 0 0 0 0 0 0 0
30 13 0 0 0 0 0 0 0 0
31 13 0 0 0 0 0 0 0 0
34 13 0 0 0 0 0 0 0 0
35 13 0 0 0 0 0 0 0 0
36 5 0 0 5 1 1 0 0 0
37 5 0 0 5 3 3 0 0 0
38 5 0 0 0 0 0 0 0 0
39 5 0 0 0 0 0 0 0 0
40 5 0 0 0 0 0 0 0 0
41 5 0 0 0 0 0 0 0 0
42 5 0 0 0 0 0 0 0 0
44 12 1 1 0 0 0 0 0 0
45 12 0 0 0 0 0 0 0 0
46 4 0 0 4 0 0 0 0 0
47 4 0 0 4 0 0 0 0 0
48 4 0 0 0 0 0 0 0 0
49 4 0 0 0 0 0 0 0 0
50 4 0 0 0 0 0 0 0 0
51 4 0 0 0 0 0 0 0 0
52 4 0 0 0 0 0 0 0 0
54 12 0 0 0 0 0 0 0 0
55 12 0 0 0 0 0 0 0 0
56 5 1 1 5 1 1 0 0 0
57 5 0 0 5 1 1 0 0 0
58 5 0 0 0 0 0 0 0 0
59 5 0 0 0 0 0 0 0 0
60 2 0 0 0 0 0 0 0 0
61 2 0 0 0 0 0 0 0 0
62 2 0 0 0 0 0 0 0 0
64 9 0 0 0 0 0 0 0 0
65 9 0 0 0 0 0 0 0 0
66 5 0 0 5 0 0 0 0 0
67 5 0 0 5 2 2 0 0 0
68 5 0 0 0 0 0 0 0 0
69 5 0 0 0 0 0 0 0 0
74 4 0 0 4 1 1 0 0 0
75 4 0 0 4 0 0 0 0 0
76 4 0 0 0 0 0 0 0 0
77 4 0 0 0 0 0 0 0 0
78 4 0 0 0 0 0 0 0 0
79 4 0 0 0 0 0 0 0 0
80 4 0 0 0 0 0 0 0 0
81 2 0 0 0 0 0 0 0 0
82 2 0 0 0 0 0 0 0 0
83 2 0 0 2 0 0 0 0 0
84 2 0 0 2 0 0 0 0 0
85 2 0 0 0 0 0 0 0 0
92 2 0 0 0 0 0 0 0 0
94 3 0 0 3 0 0 0 0 0
98 8 1 1 0 0 0 0 0 0
99 8 0 0 0 0 0 0 0 0
100 1 0 0 0 0 0 0 0 0
101 1 0 0 0 0 0 0 0 0
102 1 0 0 0 0 0 0 0 0
103 1 0 0 0 0 0 0 0 0
104 1 0 0 0 0 0 0 0 0
105 1 0 0 0 0 0 0 0 0
106 1 0 0 0 0 0 0 0 0
107 1 0 0 0 0 0 0 0 0
108 1 0 0 0 0 0 0 0 0
109 1 0 0 0 0 0 0 0 0
110 1 0 0 1 0 0 0 0 0
114 9 1 1 0 0 0 0 0 0
115 9 0 0 9 0 0 0 0 0
fl=/build/glibc-9tT8Do/glibc-2.23/string/../sysdeps/x86_64/multiarch/../memcpy.S
fn=__GI_memcpy
61 3 1 1 0 0 0 0 0 0
63 3 0 0 0 0 0 0 0 0
65 3 0 0 0 0 0 0 0 0
68 3 0 0 0 0 0 0 0 0
69 3 0 0 0 0 0 0 0 0
80 3 0 0 0 0 0 0 0 0
81 3 0 0 0 0 0 0 0 0
92 3 0 0 0 0 0 0 0 0
93 3 0 0 0 0 0 0 0 0
104 3 1 1 0 0 0 0 0 0
105 3 0 0 0 0 0 0 0 0
116 3 0 0 0 0 0 0 0 0
117 6 0 0 0 0 0 0 0 0
122 3 0 0 3 1 1 0 0 0
123 3 0 0 3 0 0 0 0 0
124 3 0 0 0 0 0 3 0 0
125 3 0 0 0 0 0 3 0 0
127 3 0 0 0 0 0 0 0 0
129 3 0 0 0 0 0 0 0 0
130 3 0 0 0 0 0 0 0 0
132 3 0 0 0 0 0 0 0 0
140 3 0 0 3 0 0 0 0 0
fn=memcpy
61 14 1 1 0 0 0 0 0 0
63 14 0 0 0 0 0 0 0 0
65 14 0 0 0 0 0 0 0 0
68 11 0 0 0 0 0 0 0 0
69 11 0 0 0 0 0 0 0 0
71 4 0 0 4 0 0 0 0 0
72 4 0 0 0 0 0 4 2 2
74 4 0 0 0 0 0 0 0 0
75 4 0 0 0 0 0 0 0 0
80 11 0 0 0 0 0 0 0 0
81 11 0 0 0 0 0 0 0 0
83 4 0 0 4 0 0 0 0 0
84 4 0 0 0 0 0 4 1 1
86 4 0 0 0 0 0 0 0 0
87 8 0 0 0 0 0 0 0 0
92 11 1 1 0 0 0 0 0 0
93 11 0 0 0 0 0 0 0 0
95 3 0 0 3 0 0 0 0 0
96 3 0 0 0 0 0 3 0 0
98 3 0 0 0 0 0 0 0 0
99 3 0 0 0 0 0 0 0 0
104 11 0 0 0 0 0 0 0 0
105 11 0 0 0 0 0 0 0 0
107 6 0 0 6 0 0 0 0 0
108 6 0 0 0 0 0 6 0 0
110 6 0 0 0 0 0 0 0 0
111 6 0 0 0 0 0 0 0 0
116 11 0 0 0 0 0 0 0 0
117 15 0 0 0 0 0 0 0 0
122 4 0 0 4 0 0 0 0 0
123 4 0 0 4 0 0 0 0 0
124 4 0 0 0 0 0 4 0 0
125 4 0 0 0 0 0 4 1 1
127 4 0 0 0 0 0 0 0 0
129 4 0 0 0 0 0 0 0 0
130 4 0 0 0 0 0 0 0 0
132 4 0 0 0 0 0 0 0 0
140 11 1 1 11 0 0 0 0 0
148 6 0 0 0 0 0 6 0 0
154 6 0 0 0 0 0 0 0 0
156 6 0 0 0 0 0 0 0 0
157 6 0 0 0 0 0 0 0 0
160 1 0 0 0 0 0 0 0 0
161 3 0 0 0 0 0 0 0 0
166 1 0 0 1 0 0 0 0 0
167 1 0 0 0 0 0 1 0 0
169 1 0 0 0 0 0 0 0 0
171 1 0 0 0 0 0 0 0 0
172 1 0 0 0 0 0 0 0 0
174 3 1 1 0 0 0 0 0 0
183 6 0 0 0 0 0 0 0 0
184 6 0 0 0 0 0 0 0 0
187 6 0 0 0 0 0 0 0 0
188 6 0 0 0 0 0 0 0 0
189 6 0 0 0 0 0 0 0 0
194 6 0 0 0 0 0 0 0 0
196 6 0 0 6 0 0 0 0 0
197 6 0 0 6 0 0 0 0 0
198 6 0 0 6 0 0 0 0 0
199 6 0 0 6 0 0 0 0 0
201 6 0 0 0 0 0 6 1 1
202 6 0 0 0 0 0 6 0 0
203 6 0 0 0 0 0 6 0 0
204 6 0 0 0 0 0 6 1 1
206 6 1 1 0 0 0 0 0 0
207 6 0 0 0 0 0 0 0 0
209 6 0 0 0 0 0 0 0 0
231 6 1 1 0 0 0 0 0 0
237 6 0 0 6 0 0 0 0 0
238 6 0 0 0 0 0 0 0 0
240 3 0 0 3 0 0 0 0 0
fl=/build/glibc-9tT8Do/glibc-2.23/string/../sysdeps/x86_64/multiarch/../memset.S
fn=memset
53 13 2 2 0 0 0 0 0 0
54 13 0 0 0 0 0 0 0 0
55 13 0 0 0 0 0 0 0 0
56 13 0 0 0 0 0 0 0 0
57 13 2 2 0 0 0 0 0 0
59 13 0 0 0 0 0 0 0 0
60 13 0 0 0 0 0 0 0 0
61 11 0 0 0 0 0 0 0 0
62 11 0 0 0 0 0 0 0 0
77 2 1 1 0 0 0 0 0 0
78 2 0 0 0 0 0 2 1 1
79 2 0 0 0 0 0 0 0 0
80 2 0 0 0 0 0 2 2 2
81 2 0 0 0 0 0 2 0 0
82 2 0 0 0 0 0 2 0 0
83 2 0 0 0 0 0 2 1 1
84 2 0 0 0 0 0 2 0 0
85 2 0 0 0 0 0 2 0 0
86 2 0 0 0 0 0 2 0 0
87 2 0 0 0 0 0 0 0 0
88 2 0 0 0 0 0 0 0 0
89 2 0 0 0 0 0 0 0 0
90 4 0 0 0 0 0 0 0 0
93 36 0 0 0 0 0 36 33 33
94 36 0 0 0 0 0 36 0 0
95 36 0 0 0 0 0 36 0 0
96 36 0 0 0 0 0 36 0 0
97 36 0 0 0 0 0 0 0 0
98 36 0 0 0 0 0 0 0 0
99 36 0 0 0 0 0 0 0 0
100 2 0 0 2 0 0 0 0 0
103 11 2 2 0 0 0 0 0 0
104 11 0 0 0 0 0 0 0 0
105 11 0 0 0 0 0 0 0 0
106 4 0 0 0 0 0 0 0 0
107 4 0 0 0 0 0 0 0 0
108 2 0 0 0 0 0 0 0 0
109 2 0 0 0 0 0 0 0 0
112 2 0 0 0 0 0 0 0 0
113 2 0 0 0 0 0 0 0 0
114 2 0 0 0 0 0 2 0 0
115 2 0 0 2 0 0 0 0 0
117 2 0 0 0 0 0 2 0 0
118 2 0 0 0 0 0 2 0 0
119 2 0 0 2 0 0 0 0 0
121 7 0 0 0 0 0 7 1 1
122 7 0 0 0 0 0 7 1 1
123 7 0 0 7 0 0 0 0 0
fl=/build/glibc-9tT8Do/glibc-2.23/string/../sysdeps/x86_64/multiarch/../strchr.S
fn=index
24 7 1 1 0 0 0 0 0 0
25 7 0 0 0 0 0 0 0 0
26 7 0 0 0 0 0 0 0 0
27 7 0 0 0 0 0 0 0 0
28 7 0 0 0 0 0 0 0 0
29 7 0 0 0 0 0 0 0 0
30 7 0 0 0 0 0 0 0 0
31 7 0 0 0 0 0 0 0 0
32 7 0 0 7 2 2 0 0 0
33 7 0 0 0 0 0 0 0 0
34 7 0 0 0 0 0 0 0 0
35 7 1 1 0 0 0 0 0 0
36 7 0 0 0 0 0 0 0 0
37 7 0 0 0 0 0 0 0 0
38 7 0 0 0 0 0 0 0 0
39 7 0 0 0 0 0 0 0 0
40 7 0 0 0 0 0 0 0 0
41 5 0 0 0 0 0 0 0 0
45 5 0 0 0 0 0 0 0 0
46 5 0 0 0 0 0 0 0 0
47 5 0 0 5 0 0 0 0 0
48 5 0 0 0 0 0 0 0 0
50 5 0 0 5 0 0 0 0 0
54 2 0 0 2 1 1 0 0 0
55 2 0 0 0 0 0 0 0 0
56 2 0 0 0 0 0 0 0 0
57 2 0 0 0 0 0 0 0 0
58 2 0 0 0 0 0 0 0 0
59 2 1 1 0 0 0 0 0 0
60 2 0 0 2 0 0 0 0 0
61 2 0 0 0 0 0 0 0 0
62 2 0 0 0 0 0 0 0 0
63 2 0 0 0 0 0 0 0 0
64 2 0 0 0 0 0 0 0 0
65 2 0 0 0 0 0 0 0 0
66 2 0 0 0 0 0 0 0 0
67 2 0 0 2 0 0 0 0 0
68 2 0 0 0 0 0 0 0 0
69 2 0 0 0 0 0 0 0 0
70 2 0 0 0 0 0 0 0 0
71 2 0 0 0 0 0 0 0 0
72 2 0 0 0 0 0 0 0 0
73 2 0 0 0 0 0 0 0 0
74 2 0 0 0 0 0 0 0 0
75 2 1 1 0 0 0 0 0 0
76 2 0 0 0 0 0 0 0 0
77 2 0 0 0 0 0 0 0 0
129 2 1 1 0 0 0 0 0 0
133 2 0 0 0 0 0 0 0 0
134 2 0 0 0 0 0 0 0 0
135 2 0 0 2 0 0 0 0 0
136 2 1 1 0 0 0 0 0 0
138 2 0 0 2 0 0 0 0 0
fl=/build/glibc-9tT8Do/glibc-2.23/string/../sysdeps/x86_64/multiarch/../strcmp.S
fn=strcmp
144 201 2 2 0 0 0 0 0 0
145 201 0 0 0 0 0 0 0 0
147 201 0 0 0 0 0 0 0 0
148 201 0 0 0 0 0 0 0 0
169 201 0 0 0 0 0 0 0 0
170 201 1 1 0 0 0 0 0 0
171 155 0 0 0 0 0 0 0 0
172 155 0 0 0 0 0 0 0 0
173 149 0 0 149 18 14 0 0 0
174 149 0 0 149 10 4 0 0 0
175 149 0 0 149 0 0 0 0 0
176 149 0 0 149 0 0 0 0 0
197 149 0 0 0 0 0 0 0 0
198 149 0 0 0 0 0 0 0 0
199 149 0 0 0 0 0 0 0 0
200 149 0 0 0 0 0 0 0 0
201 149 0 0 0 0 0 0 0 0
202 149 0 0 0 0 0 0 0 0
203 149 0 0 0 0 0 0 0 0
208 4 0 0 0 0 0 0 0 0
209 4 0 0 0 0 0 0 0 0
218 56 1 1 0 0 0 0 0 0
219 56 0 0 0 0 0 0 0 0
220 56 0 0 0 0 0 0 0 0
221 56 0 0 0 0 0 0 0 0
222 56 0 0 0 0 0 0 0 0
223 56 0 0 0 0 0 0 0 0
224 56 0 0 0 0 0 0 0 0
225 56 0 0 0 0 0 0 0 0
226 55 0 0 0 0 0 0 0 0
227 24 0 0 0 0 0 0 0 0
228 24 0 0 0 0 0 0 0 0
229 24 0 0 0 0 0 0 0 0
231 55 0 0 0 0 0 0 0 0
232 55 0 0 0 0 0 0 0 0
233 55 0 0 0 0 0 0 0 0
234 55 0 0 55 5 3 0 0 0
235 55 0 0 0 0 0 0 0 0
236 55 0 0 0 0 0 0 0 0
246 1 1 1 1 0 0 0 0 0
247 1 0 0 0 0 0 0 0 0
248 1 0 0 0 0 0 0 0 0
250 1 0 0 1 0 0 0 0 0
256 1 0 0 0 0 0 0 0 0
257 1 0 0 0 0 0 0 0 0
258 1 0 0 0 0 0 0 0 0
259 1 0 0 0 0 0 0 0 0
260 1 0 0 0 0 0 0 0 0
265 1 0 0 0 0 0 0 0 0
1196 4 1 1 0 0 0 0 0 0
1197 4 0 0 4 0 0 0 0 0
1198 4 0 0 4 0 0 0 0 0
1199 4 0 0 0 0 0 0 0 0
1200 4 0 0 0 0 0 0 0 0
1202 4 0 0 0 0 0 0 0 0
1203 4 0 0 0 0 0 0 0 0
1204 4 1 1 0 0 0 0 0 0
1205 4 0 0 0 0 0 0 0 0
1206 4 0 0 0 0 0 0 0 0
1207 4 0 0 0 0 0 0 0 0
1208 4 0 0 0 0 0 0 0 0
1321 42 1 1 0 0 0 0 0 0
1322 42 0 0 42 3 0 0 0 0
1323 42 0 0 42 4 2 0 0 0
1324 42 0 0 0 0 0 0 0 0
1325 42 0 0 0 0 0 0 0 0
1327 42 0 0 0 0 0 0 0 0
1328 42 0 0 0 0 0 0 0 0
1329 42 1 1 0 0 0 0 0 0
1330 42 0 0 0 0 0 0 0 0
1331 42 0 0 0 0 0 0 0 0
1332 42 0 0 0 0 0 0 0 0
1333 42 0 0 0 0 0 0 0 0
1334 2 0 0 2 0 0 0 0 0
1338 2 0 0 0 0 0 0 0 0
1339 2 0 0 0 0 0 0 0 0
1340 2 0 0 0 0 0 0 0 0
1346 2 0 0 0 0 0 0 0 0
1347 2 0 0 0 0 0 0 0 0
1348 4 0 0 0 0 0 0 0 0
1352 2 1 1 0 0 0 0 0 0
1353 2 0 0 0 0 0 0 0 0
1356 2 0 0 2 0 0 0 0 0
1357 2 0 0 2 2 1 0 0 0
1358 2 0 0 0 0 0 0 0 0
1361 2 0 0 0 0 0 0 0 0
1362 2 0 0 0 0 0 0 0 0
1363 2 0 0 0 0 0 0 0 0
1369 2 0 0 0 0 0 0 0 0
1370 2 0 0 0 0 0 0 0 0
1371 2 0 0 0 0 0 0 0 0
1372 2 0 0 0 0 0 0 0 0
1373 2 0 0 0 0 0 0 0 0
1374 2 1 1 0 0 0 0 0 0
1571 2 1 1 0 0 0 0 0 0
1572 2 0 0 2 0 0 0 0 0
1573 2 0 0 2 0 0 0 0 0
1574 2 0 0 0 0 0 0 0 0
1575 2 0 0 0 0 0 0 0 0
1577 2 0 0 0 0 0 0 0 0
1578 2 0 0 0 0 0 0 0 0
1579 2 1 1 0 0 0 0 0 0
1580 2 0 0 0 0 0 0 0 0
1581 2 0 0 0 0 0 0 0 0
1582 2 0 0 0 0 0 0 0 0
1583 2 0 0 0 0 0 0 0 0
1584 1 0 0 1 0 0 0 0 0
1588 1 0 0 0 0 0 0 0 0
1589 1 0 0 0 0 0 0 0 0
1590 1 0 0 0 0 0 0 0 0
1596 1 0 0 0 0 0 0 0 0
1597 1 0 0 0 0 0 0 0 0
1598 2 0 0 0 0 0 0 0 0
1602 1 1 1 0 0 0 0 0 0
1603 1 0 0 0 0 0 0 0 0
1606 1 0 0 1 0 0 0 0 0
1607 1 0 0 1 0 0 0 0 0
1608 1 0 0 0 0 0 0 0 0
1611 1 0 0 0 0 0 0 0 0
1612 1 0 0 0 0 0 0 0 0
1613 1 0 0 0 0 0 0 0 0
1619 1 0 0 0 0 0 0 0 0
1620 1 0 0 0 0 0 0 0 0
1621 1 0 0 0 0 0 0 0 0
1622 1 0 0 0 0 0 0 0 0
1623 1 0 0 0 0 0 0 0 0
1624 1 1 1 0 0 0 0 0 0
1696 1 1 1 0 0 0 0 0 0
1697 1 0 0 1 0 0 0 0 0
1698 1 0 0 1 1 1 0 0 0
1699 1 0 0 0 0 0 0 0 0
1700 1 0 0 0 0 0 0 0 0
1702 1 0 0 0 0 0 0 0 0
1703 1 0 0 0 0 0 0 0 0
1704 1 1 1 0 0 0 0 0 0
1705 1 0 0 0 0 0 0 0 0
1706 1 0 0 0 0 0 0 0 0
1707 1 0 0 0 0 0 0 0 0
1708 1 0 0 0 0 0 0 0 0
1821 3 1 1 0 0 0 0 0 0
1822 3 0 0 3 0 0 0 0 0
1823 3 0 0 3 1 0 0 0 0
1824 3 0 0 0 0 0 0 0 0
1825 3 0 0 0 0 0 0 0 0
1827 3 0 0 0 0 0 0 0 0
1828 3 0 0 0 0 0 0 0 0
1829 3 1 1 0 0 0 0 0 0
1830 3 0 0 0 0 0 0 0 0
1831 3 0 0 0 0 0 0 0 0
1832 3 0 0 0 0 0 0 0 0
1833 3 0 0 0 0 0 0 0 0
1834 3 0 0 3 0 0 0 0 0
1838 3 0 0 0 0 0 0 0 0
1839 3 0 0 0 0 0 0 0 0
1840 3 0 0 0 0 0 0 0 0
1846 3 0 0 0 0 0 0 0 0
1847 3 0 0 0 0 0 0 0 0
1848 6 0 0 0 0 0 0 0 0
1852 3 1 1 0 0 0 0 0 0
1853 3 0 0 0 0 0 0 0 0
1856 3 0 0 3 0 0 0 0 0
1857 3 0 0 3 1 1 0 0 0
1858 3 0 0 0 0 0 0 0 0
1861 3 0 0 0 0 0 0 0 0
1862 3 0 0 0 0 0 0 0 0
1863 3 0 0 0 0 0 0 0 0
1869 3 0 0 0 0 0 0 0 0
1870 3 0 0 0 0 0 0 0 0
1871 3 0 0 0 0 0 0 0 0
1872 3 0 0 0 0 0 0 0 0
1873 3 0 0 0 0 0 0 0 0
1874 3 1 1 0 0 0 0 0 0
1946 2 1 1 0 0 0 0 0 0
1947 2 0 0 2 0 0 0 0 0
1948 2 0 0 2 1 1 0 0 0
1949 2 0 0 0 0 0 0 0 0
1950 2 0 0 0 0 0 0 0 0
1952 2 0 0 0 0 0 0 0 0
1953 2 0 0 0 0 0 0 0 0
1954 2 1 1 0 0 0 0 0 0
1955 2 0 0 0 0 0 0 0 0
1956 2 0 0 0 0 0 0 0 0
1957 2 0 0 0 0 0 0 0 0
1958 2 0 0 0 0 0 0 0 0
1959 1 0 0 1 0 0 0 0 0
1963 1 0 0 0 0 0 0 0 0
1964 1 0 0 0 0 0 0 0 0
1965 1 0 0 0 0 0 0 0 0
1971 1 0 0 0 0 0 0 0 0
1972 1 0 0 0 0 0 0 0 0
1973 2 0 0 0 0 0 0 0 0
1977 1 1 1 0 0 0 0 0 0
1978 1 0 0 0 0 0 0 0 0
1981 1 0 0 1 0 0 0 0 0
1982 1 0 0 1 1 1 0 0 0
1983 1 0 0 0 0 0 0 0 0
1986 1 0 0 0 0 0 0 0 0
1987 1 0 0 0 0 0 0 0 0
1988 1 0 0 0 0 0 0 0 0
1994 1 0 0 0 0 0 0 0 0
1995 1 0 0 0 0 0 0 0 0
1996 1 0 0 0 0 0 0 0 0
1997 1 0 0 0 0 0 0 0 0
1998 1 0 0 0 0 0 0 0 0
1999 1 1 1 0 0 0 0 0 0
2071 1 1 1 0 0 0 0 0 0
2072 1 0 0 1 0 0 0 0 0
2073 1 0 0 1 1 1 0 0 0
2074 1 0 0 0 0 0 0 0 0
2075 1 0 0 0 0 0 0 0 0
2077 1 0 0 0 0 0 0 0 0
2078 1 0 0 0 0 0 0 0 0
2079 1 1 1 0 0 0 0 0 0
2080 1 0 0 0 0 0 0 0 0
2081 1 0 0 0 0 0 0 0 0
2082 1 0 0 0 0 0 0 0 0
2083 1 0 0 0 0 0 0 0 0
2085 1 0 0 1 0 0 0 0 0
2089 1 0 0 0 0 0 0 0 0
2090 1 0 0 0 0 0 0 0 0
2091 1 0 0 0 0 0 0 0 0
2097 1 0 0 0 0 0 0 0 0
2098 1 0 0 0 0 0 0 0 0
2100 2 0 0 0 0 0 0 0 0
2104 1 1 1 0 0 0 0 0 0
2105 1 0 0 0 0 0 0 0 0
2108 1 0 0 1 1 1 0 0 0
2109 1 0 0 1 0 0 0 0 0
2110 1 0 0 0 0 0 0 0 0
2113 1 0 0 0 0 0 0 0 0
2114 1 0 0 0 0 0 0 0 0
2115 1 0 0 0 0 0 0 0 0
2121 1 0 0 0 0 0 0 0 0
2122 1 0 0 0 0 0 0 0 0
2123 1 0 0 0 0 0 0 0 0
2124 1 0 0 0 0 0 0 0 0
2125 1 0 0 0 0 0 0 0 0
2126 1 1 1 0 0 0 0 0 0
2200 8 0 0 0 0 0 0 0 0
2202 56 1 1 0 0 0 0 0 0
2203 56 0 0 0 0 0 0 0 0
2204 56 0 0 0 0 0 0 0 0
2205 56 0 0 0 0 0 0 0 0
2206 72 0 0 0 0 0 0 0 0
2211 201 1 1 0 0 0 0 0 0
2217 201 0 0 201 0 0 0 0 0
2218 201 0 0 201 0 0 0 0 0
2226 201 0 0 0 0 0 0 0 0
2227 201 0 0 201 0 0 0 0 0
fl=/build/glibc-9tT8Do/glibc-2.23/string/../sysdeps/x86_64/multiarch/strcmp.S
fn=strcasecmp
109 1 1 1 1 0 0 0 0 0
110 1 0 0 0 0 0 0 0 0
111 1 0 0 1 1 0 0 0 0
112 1 0 0 0 0 0 0 0 0
122 1 1 1 1 0 0 0 0 0
fn=strncasecmp
129 1 1 1 1 0 0 0 0 0
130 1 0 0 0 0 0 0 0 0
131 1 0 0 1 0 0 0 0 0
132 1 0 0 0 0 0 0 0 0
142 1 1 1 1 0 0 0 0 0
fl=/build/glibc-9tT8Do/glibc-2.23/string/../sysdeps/x86_64/multiarch/strcspn.S
fn=strcspn
45 1 1 1 1 0 0 0 0 0
46 1 0 0 0 0 0 0 0 0
47 1 0 0 1 1 0 0 0 0
48 1 0 0 0 0 0 0 0 0
49 1 0 0 0 0 0 0 0 0
50 1 0 0 1 0 0 0 0 0
fn=strpbrk
45 1 1 1 1 0 0 0 0 0
46 1 0 0 0 0 0 0 0 0
47 1 0 0 1 0 0 0 0 0
48 1 0 0 0 0 0 0 0 0
49 1 0 0 0 0 0 0 0 0
50 1 0 0 1 0 0 0 0 0
fl=/build/glibc-9tT8Do/glibc-2.23/string/../sysdeps/x86_64/multiarch/strspn.S
fn=strspn
30 1 1 1 1 0 0 0 0 0
31 1 0 0 0 0 0 0 0 0
32 1 0 0 1 0 0 0 0 0
33 1 0 0 0 0 0 0 0 0
34 1 0 0 0 0 0 0 0 0
35 1 0 0 1 0 0 0 0 0
fl=/build/glibc-9tT8Do/glibc-2.23/string/../sysdeps/x86_64/strchr.S
fn=strchrnul
24 2 1 1 0 0 0 0 0 0
25 2 0 0 0 0 0 0 0 0
26 2 0 0 0 0 0 0 0 0
27 2 0 0 0 0 0 0 0 0
28 2 1 1 0 0 0 0 0 0
29 2 0 0 0 0 0 0 0 0
30 2 0 0 0 0 0 0 0 0
31 2 0 0 0 0 0 0 0 0
32 2 0 0 2 1 1 0 0 0
33 2 0 0 0 0 0 0 0 0
34 2 0 0 0 0 0 0 0 0
35 2 0 0 0 0 0 0 0 0
36 2 0 0 0 0 0 0 0 0
37 2 0 0 0 0 0 0 0 0
38 2 0 0 0 0 0 0 0 0
39 2 0 0 0 0 0 0 0 0
40 2 0 0 0 0 0 0 0 0
41 2 0 0 0 0 0 0 0 0
43 2 0 0 0 0 0 0 0 0
50 2 0 0 2 0 0 0 0 0
fl=/build/glibc-9tT8Do/glibc-2.23/string/../sysdeps/x86_64/strlen.S
fn=strlen
66 16 2 2 0 0 0 0 0 0
67 16 0 0 0 0 0 0 0 0
68 16 0 0 0 0 0 0 0 0
69 16 0 0 0 0 0 0 0 0
70 16 1 1 0 0 0 0 0 0
71 16 0 0 0 0 0 0 0 0
72 16 0 0 0 0 0 0 0 0
74 16 0 0 0 0 0 0 0 0
76 16 0 0 0 0 0 0 0 0
106 15 0 0 15 1 1 0 0 0
107 15 0 0 0 0 0 0 0 0
108 15 0 0 0 0 0 0 0 0
109 15 0 0 0 0 0 0 0 0
110 15 0 0 0 0 0 0 0 0
111 8 0 0 0 0 0 0 0 0
112 8 0 0 8 0 0 0 0 0
116 7 0 0 0 0 0 0 0 0
117 7 1 1 7 0 0 0 0 0
118 7 0 0 7 0 0 0 0 0
119 7 0 0 7 0 0 0 0 0
120 7 0 0 0 0 0 0 0 0
121 7 0 0 0 0 0 0 0 0
122 7 0 0 0 0 0 0 0 0
123 7 0 0 0 0 0 0 0 0
124 7 0 0 0 0 0 0 0 0
125 7 0 0 0 0 0 0 0 0
126 7 0 0 0 0 0 0 0 0
127 7 0 0 0 0 0 0 0 0
132 56 0 0 7 0 0 0 0 0
136 1 1 1 0 0 0 0 0 0
137 14 1 1 4 0 0 0 0 0
138 8 0 0 1 0 0 0 0 0
fl=/build/glibc-9tT8Do/glibc-2.23/string/../sysdeps/x86_64/strrchr.S
fn=rindex
24 1 1 1 0 0 0 0 0 0
25 1 0 0 0 0 0 0 0 0
26 1 0 0 0 0 0 0 0 0
27 1 0 0 0 0 0 0 0 0
28 1 0 0 0 0 0 0 0 0
29 1 0 0 0 0 0 0 0 0
30 1 0 0 0 0 0 0 0 0
31 1 0 0 0 0 0 0 0 0
32 1 0 0 1 1 0 0 0 0
33 1 0 0 0 0 0 0 0 0
34 1 1 1 0 0 0 0 0 0
35 1 0 0 0 0 0 0 0 0
36 1 0 0 0 0 0 0 0 0
37 1 0 0 0 0 0 0 0 0
38 1 0 0 0 0 0 0 0 0
39 1 0 0 0 0 0 0 0 0
40 1 0 0 0 0 0 0 0 0
41 1 0 0 0 0 0 0 0 0
42 1 0 0 0 0 0 0 0 0
43 1 0 0 0 0 0 0 0 0
44 1 0 0 0 0 0 0 0 0
45 1 0 0 0 0 0 0 0 0
46 1 0 0 0 0 0 0 0 0
47 1 0 0 1 0 0 0 0 0
fl=/build/glibc-9tT8Do/glibc-2.23/string/strdup.c
fn=strdup
40 12 0 0 0 0 0 6 0 0
41 6 1 1 0 0 0 3 0 0
42 6 0 0 0 0 0 3 0 0
44 6 0 0 0 0 0 0 0 0
47 12 0 0 0 0 0 0 0 0
48 9 0 0 6 0 0 0 0 0
fl=/build/glibc-9tT8Do/glibc-2.23/time/../sysdeps/generic/dl-hash.h
fn=gettimeofday
45 12 1 1 4 0 0 0 0 0
48 12 0 0 0 0 0 0 0 0
62 16 0 0 0 0 0 0 0 0
fn=time
45 24 0 0 8 1 1 0 0 0
48 24 1 1 0 0 0 0 0 0
62 32 0 0 0 0 0 0 0 0
fl=/build/glibc-9tT8Do/glibc-2.23/time/../sysdeps/unix/sysv/linux/clock.c
fn=clock
25 2 1 1 0 0 0 0 0 0
34 12 0 0 0 0 0 2 0 0
37 18 1 1 4 0 0 0 0 0
39 6 0 0 2 0 0 0 0 0
fl=/build/glibc-9tT8Do/glibc-2.23/time/../sysdeps/unix/sysv/linux/x86/gettimeofday.c
fn=gettimeofday
36 1 0 0 0 0 0 0 0 0
37 11 2 2 0 0 0 4 0 0
40 3 0 0 0 0 0 1 0 0
41 3 0 0 0 0 0 0 0 0
42 2 0 0 1 0 0 0 0 0
fl=/build/glibc-9tT8Do/glibc-2.23/time/../sysdeps/unix/sysv/linux/x86/time.c
fn=__time_syscall
30 4 0 0 0 0 0 0 0 0
31 2 0 0 2 0 0 0 0 0
fn=time
37 2 0 0 0 0 0 0 0 0
38 22 2 2 0 0 0 8 0 0
41 6 0 0 0 0 0 2 0 0
42 6 0 0 0 0 0 0 0 0
43 4 0 0 2 0 0 0 0 0
fl=/home/xnpio/Documentos/Xnpio/Seguridad/CS-SEGURIDAD-2017/Tarea1/block-matrix-product.c
fn=main
46 3 2 2 0 0 0 1 0 0
47 5 0 0 0 0 0 3 0 0
48 5 0 0 0 0 0 3 0 0
51 9 0 0 4 0 0 3 1 1
52 3 0 0 0 0 0 1 0 0
54 2 0 0 2 0 0 0 0 0
fn=matrixProduct
6 13 1 1 0 0 0 6 0 0
8 1 0 0 0 0 0 1 0 0
9 4 1 1 2 0 0 0 0 0
11 6 0 0 1 0 0 2 1 0
12 2805 1 1 2102 0 0 1 0 0
13 7700 0 0 2100 0 0 1400 88 87
15 2805 1 1 2102 0 0 1 0 0
16 1963500 0 0 1471400 0 0 700 0 0
17 5390000 0 0 1960000 88 0 490000 30800 30100
20 1 1 1 0 0 0 1 0 0
21 2 0 0 0 0 0 2 1 0
22 93 2 2 68 0 0 1 0 0
23 2046 0 0 1496 0 0 22 0 0
24 45012 0 0 32912 0 0 484 0 0
25 3166328 1 1 1397792 0 0 360096 0 0
26 100746800 1 1 44475200 0 0 11457600 0 0
27 10780000 0 0 0 0 0 10780000 0 0
28 3205580000 2 2 1415120000 0 0 364560000 0 0
29 8232000000 0 0 3773000000 1739468 57745 0 0 0
31 258720000 0 0 107800000 121932 30343 10780000 0 0
37 2 0 0 0 0 0 2 0 0
38 7 0 0 3 1 1 1 0 0
39 6 0 0 2 0 0 2 0 0
40 2 0 0 1 0 0 1 0 0
41 2 0 0 1 0 0 1 0 0
42 2 0 0 1 0 0 1 0 0
43 2 0 0 2 0 0 0 0 0
44 4 0 0 3 1 1 0 0 0
fl=/home/xnpio/Documentos/Xnpio/Seguridad/CS-SEGURIDAD-2017/Tarea1/utils.h
fn=generateRandomMatrix
24 12 1 1 0 0 0 8 0 0
25 8 0 0 0 0 0 4 0 0
28 12 1 1 2 0 0 4 1 0
29 5610 1 1 4204 0 0 2 0 0
30 15400 0 0 4200 0 0 2800 175 173
32 5610 2 2 4204 0 0 2 0 0
33 3927000 0 0 2942800 0 0 1400 0 0
34 23520000 0 0 3920000 172 0 1960000 61600 60200
37 4 0 0 2 0 0 2 0 0
38 4 0 0 2 0 0 2 0 0
39 4 0 0 2 0 0 2 0 0
40 4 0 0 4 0 0 0 0 0
41 8 0 0 6 2 0 0 0 0
fn=min
43 1460992992 0 0 0 0 0 1095744744 0 0
44 1796899968 0 0 1081074108 0 0 0 0 0
45 14670636 0 0 14670636 0 0 0 0 0
46 730496496 0 0 730496496 0 0 0 0 0
fl=???
fn=???
0 982310 23 19 982212 8 5 32 1 1
fn=__libc_csu_init
0 34 3 3 8 1 0 8 0 0
fn=_dl_debug_initialize
0 4 0 0 3 0 0 0 0 0
fn=_start
0 11 2 2 1 0 0 3 0 0
fn=memcpy@GLIBC_2.2.5
0 11 2 2 3 0 0 0 0 0
summary: 15896527982 1089 1081 7194176899 1864254 90214 1502094925 95380 93209
