6 1 1024
0.188021 0.147851 0.035205
0.164983 0.163831 0.014738
0.161880 0.155932 0.021165
0.166324 0.159920 0.019090
0.165488 0.157960 0.008317
0.152085 0.161354 0.016554
0.161884 0.164738 0.017108
0.162769 0.143596 0.010567
0.160746 0.163029 0.009307
0.166197 0.165564 0.012666
0.151094 0.142826 0.014365
0.151503 0.143870 0.027093
0.162712 0.148577 0.012772
0.165565 0.161948 0.014773
0.154087 0.164571 0.010564
0.157410 0.162091 0.018558
0.164082 0.160217 0.013618
0.162106 0.160513 0.011549
0.162377 0.158962 0.011389
0.159409 0.159170 0.012031
0.168123 0.144063 0.014593
0.160739 0.159469 0.020293
0.168231 0.161996 0.020502
0.165507 0.160302 0.017860
0.155662 0.160613 0.015082
6 2 1024
0.156320 0.158071 0.016813
0.152494 0.154820 0.013862
0.150489 0.156495 0.014414
0.152521 0.153659 0.013074
0.146155 0.158998 0.016072
0.150027 0.155783 0.010677
0.154677 0.150871 0.022832
0.154732 0.153397 0.011426
0.149860 0.150662 0.015954
0.152459 0.149815 0.020923
0.153329 0.153493 0.015198
0.149471 0.155832 0.014812
0.149119 0.150584 0.020698
0.153107 0.158456 0.011661
0.150133 0.146857 0.021245
0.158920 0.164284 0.015105
0.157362 0.157293 0.012663
0.152380 0.147695 0.013283
0.150422 0.157531 0.011778
0.158651 0.161570 0.011065
0.150489 0.165000 0.022202
0.142510 0.152781 0.012552
0.148988 0.153913 0.016550
0.146851 0.149487 0.016593
0.156381 0.151800 0.017054
6 4 1024
0.167778 0.160397 0.022201
0.153087 0.162482 0.014384
0.158098 0.188927 0.021846
0.164817 0.168506 0.016739
0.149807 0.164436 0.016073
0.173747 0.156439 0.009736
0.149632 0.161472 0.016675
0.154714 0.174118 0.011897
0.160746 0.169388 0.014895
0.162435 0.169887 0.013767
0.166288 0.159551 0.031006
0.170917 0.156340 0.022543
0.152339 0.163611 0.014260
0.158568 0.170408 0.016189
0.154886 0.154442 0.011299
0.153735 0.166066 0.016142
0.150754 0.163774 0.014887
0.166092 0.174766 0.011706
0.169827 0.167657 0.011991
0.154602 0.158232 0.017108
0.170185 0.154680 0.013022
0.155563 0.163356 0.013878
0.152896 0.168100 0.011012
0.158073 0.154372 0.017131
0.153661 0.163965 0.021039
6 8 1024
0.209218 0.209511 0.014829
0.211530 0.218560 0.017507
0.189137 0.229546 0.017031
0.194277 0.203498 0.018528
0.227151 0.220953 0.010424
0.196320 0.227913 0.013913
0.216875 0.224557 0.015409
0.220278 0.211313 0.009830
0.218318 0.209095 0.018581
0.190930 0.222526 0.033913
0.203280 0.224157 0.015073
0.231221 0.229091 0.016512
0.201759 0.213520 0.017140
0.230341 0.203171 0.021288
0.210033 0.221938 0.011680
0.219709 0.217299 0.014695
0.215818 0.203248 0.018224
0.215072 0.220530 0.018843
0.208787 0.224755 0.023085
0.207010 0.210193 0.016700
0.212768 0.232620 0.019690
0.199346 0.198703 0.016555
0.214719 0.215984 0.018854
0.206687 0.201541 0.015748
0.212006 0.196279 0.019635
6 16 1024
0.341874 0.358499 0.016624
0.323893 0.357838 0.015134
0.330134 0.350349 0.019272
0.334148 0.348415 0.014854
0.331079 0.357187 0.009815
0.342063 0.361693 0.012121
0.344561 0.340790 0.021367
0.322046 0.368461 0.020802
0.335334 0.340274 0.017497
0.331388 0.357409 0.010197
0.357560 0.363707 0.014224
0.339286 0.365903 0.017239
0.338773 0.362229 0.017455
0.332880 0.360604 0.014361
0.289796 0.350058 0.015524
0.337710 0.360109 0.011433
0.342230 0.358436 0.015960
0.324657 0.352854 0.014923
0.347969 0.350732 0.013679
0.354283 0.348749 0.015705
0.326416 0.352787 0.025720
0.354003 0.365377 0.021821
0.369829 0.347263 0.015762
0.362936 0.361325 0.017887
0.338764 0.361868 0.017216
6 24 1024
0.449464 0.501188 0.021055
0.477163 0.514678 0.012322
0.507050 0.500014 0.011131
0.422106 0.514388 0.017075
0.439715 0.512737 0.019088
0.510571 0.513997 0.015672
0.400776 0.507277 0.017031
0.451903 0.506172 0.012250
0.424781 0.524314 0.021496
0.413853 0.512630 0.011908
0.389508 0.518614 0.020167
0.491396 0.523240 0.012238
0.488941 0.511511 0.012412
0.448068 0.509176 0.012506
0.479665 0.512101 0.015831
0.450219 0.516019 0.010414
0.460828 0.510342 0.010979
0.396027 0.512240 0.010229
0.453941 0.521624 0.010240
0.425812 0.528052 0.021050
0.423822 0.500180 0.011282
0.434224 0.504251 0.018448
0.422843 0.516961 0.013036
0.406622 0.525946 0.014297
0.448898 0.530869 0.015117
###
