6 1 4096
0.570201 0.635227 0.010067
0.576305 0.642339 0.015037
0.631065 0.562407 0.012319
0.648606 0.568792 0.015384
0.592303 0.629780 0.011250
0.574327 0.637033 0.007951
0.643264 0.636715 0.011541
0.569630 0.562324 0.018694
0.570928 0.636519 0.011587
0.568785 0.631991 0.009647
0.644178 0.635136 0.008688
0.616702 0.628063 0.010686
0.575880 0.642581 0.014925
0.638172 0.633357 0.013929
0.624263 0.561292 0.014626
0.640963 0.641747 0.019453
0.639598 0.634429 0.014197
0.642972 0.634693 0.031057
0.570516 0.634150 0.026982
0.634699 0.636106 0.010259
0.570743 0.563418 0.013788
0.569346 0.627240 0.015988
0.569375 0.627820 0.010518
0.565295 0.563348 0.010748
0.572100 0.636919 0.021101
6 2 4096
0.570420 0.627013 0.016160
0.583559 0.594195 0.022898
0.562788 0.575377 0.016089
0.578627 0.583330 0.021188
0.593465 0.593123 0.008561
0.570312 0.616906 0.016048
0.562463 0.627830 0.011729
0.571874 0.588198 0.016774
0.562083 0.601096 0.017991
0.583890 0.589950 0.013442
0.578099 0.595538 0.013376
0.559840 0.587667 0.024009
0.576809 0.595350 0.035362
0.586074 0.611643 0.008813
0.590230 0.594941 0.014023
0.566396 0.562407 0.008500
0.570225 0.586559 0.012463
0.559897 0.594493 0.026990
0.560225 0.576073 0.015521
0.575904 0.596000 0.016455
0.599762 0.608235 0.012127
0.589512 0.579051 0.012899
0.601265 0.584812 0.011942
0.564988 0.614203 0.010342
0.589538 0.594610 0.011309
6 4 4096
0.586109 0.611284 0.011871
0.583496 0.641084 0.012326
0.608204 0.605490 0.015356
0.621333 0.661837 0.020438
0.588009 0.614182 0.020899
0.603452 0.598066 0.013626
0.624014 0.596306 0.010825
0.623685 0.638550 0.015615
0.616879 0.614692 0.015361
0.621247 0.619294 0.013978
0.586089 0.625301 0.010712
0.596786 0.596082 0.020935
0.597211 0.615079 0.017799
0.598787 0.618809 0.012338
0.594128 0.607481 0.018879
0.586732 0.647095 0.014409
0.613802 0.617193 0.015144
0.584196 0.684860 0.014257
0.626556 0.607790 0.009752
0.605685 0.601431 0.019188
0.650286 0.611433 0.013649
0.589168 0.604275 0.012978
0.599183 0.636803 0.013128
0.610382 0.624153 0.015435
0.595488 0.616308 0.016505
6 8 4096
0.839897 0.799550 0.017318
0.838133 0.817105 0.031352
0.835033 0.848890 0.018217
0.831012 0.861158 0.010808
0.885855 0.904356 0.010479
0.827815 0.879896 0.020297
0.808115 0.879047 0.021663
0.823680 0.883315 0.014719
0.836722 0.865959 0.010759
0.860819 0.817207 0.017767
0.841830 0.899899 0.011461
0.810462 0.850434 0.009111
0.827196 0.837182 0.022703
0.835307 0.840293 0.010166
0.857731 0.847090 0.016302
0.851066 0.833153 0.018725
0.840210 0.882153 0.020791
0.851841 0.853601 0.011651
0.835760 0.848955 0.014523
0.876356 0.887994 0.020953
0.829595 0.825251 0.010567
0.846983 0.866762 0.009359
0.831764 0.850621 0.013589
0.867458 0.851698 0.012517
0.851532 0.844494 0.014097
6 16 4096
1.383351 1.432242 0.014643
1.332806 1.391858 0.012262
1.346255 1.415542 0.014293
1.373610 1.457594 0.015019
1.330685 1.409070 0.020460
1.381444 1.431921 0.013837
1.397673 1.427732 0.028471
1.327474 1.426366 0.015690
1.293098 1.415687 0.015057
1.386167 1.414290 0.013603
1.363731 1.414287 0.009395
1.384360 1.433518 0.009227
1.411259 1.332070 0.008876
1.393498 1.419650 0.015569
1.380358 1.398834 0.011900
1.425502 1.416962 0.011868
1.315678 1.419764 0.009376
1.351097 1.406418 0.015799
1.376779 1.408123 0.022805
1.356310 1.419779 0.012029
1.362231 1.394760 0.017264
1.393827 1.404614 0.010757
1.365677 1.399643 0.011835
1.341977 1.436822 0.019177
1.393662 1.384871 0.015883
6 24 4096
1.923254 1.983446 0.009681
1.922770 1.962549 0.026414
1.840424 2.004807 0.012873
1.984857 1.977510 0.026913
1.945203 2.002028 0.011168
1.772869 2.053819 0.012026
1.942579 1.996894 0.015492
1.824637 2.028571 0.008937
2.019453 1.968251 0.024981
1.846278 1.986530 0.018224
1.967574 2.048337 0.015512
2.015582 1.996968 0.008702
1.926820 1.984358 0.016051
1.838409 2.005675 0.015716
1.921403 1.970380 0.016237
1.969534 2.016227 0.013298
1.988897 2.005925 0.013007
1.986401 1.926049 0.014357
1.821440 2.019473 0.012866
1.880758 2.008952 0.011985
1.969534 2.016227 0.013298
1.928739 2.012529 0.008999
1.886547 1.924927 0.009247
1.971427 2.010096 0.011389
1.969534 2.016227 0.013298
###
