6 1 16392
2.397591 2.479274 0.014692
2.359734 2.519743 0.010796
2.256848 2.210809 0.021132
2.257558 2.509837 0.017096
2.377521 2.212130 0.016639
2.261951 2.537037 0.012730
2.482270 2.506574 0.016632
2.431772 2.515285 0.008332
2.243973 2.510377 0.008668
2.280508 2.510584 0.017186
2.256311 2.515069 0.022123
2.441012 2.519000 0.020727
2.254700 2.514854 0.025933
2.349200 2.229682 0.018855
2.478696 2.515320 0.017031
2.423646 2.513050 0.013995
2.291975 2.513610 0.009514
2.255794 2.504350 0.021062
2.266556 2.543814 0.012695
2.353362 2.512502 0.010523
2.312010 2.255135 0.011622
2.256153 2.510492 0.013514
2.240193 2.508639 0.018315
2.259300 2.513279 0.012700
2.297478 2.514224 0.013793
6 2 16392
2.337503 2.256558 0.017483
2.214208 2.243580 0.014674
2.239087 2.427499 0.014154
2.379570 2.472457 0.017916
2.243584 2.466463 0.013354
2.408976 2.240082 0.012704
2.226846 2.451357 0.012982
2.246146 2.383421 0.012875
2.213881 2.347222 0.008371
2.344320 2.247437 0.014111
2.226313 2.355333 0.016629
2.358175 2.291135 0.025506
2.281384 2.302806 0.015209
2.295846 2.352736 0.014591
2.219657 2.260060 0.010008
2.346091 2.261417 0.018836
2.248552 2.287331 0.015826
2.235478 2.371858 0.012350
2.216895 2.257374 0.008988
2.229880 2.356135 0.015153
2.235062 2.449952 0.021365
2.209272 2.461769 0.015301
2.211285 2.352632 0.010889
2.241475 2.363557 0.014678
2.226169 2.376871 0.015074
6 4 16392
2.370912 2.353080 0.008094
2.384651 2.488877 0.015984
2.397595 2.351110 0.034192
2.336664 2.358325 0.011602
2.343499 2.360562 0.018394
2.404748 2.356656 0.018113
2.368274 2.411544 0.012024
2.367089 2.339074 0.015238
2.328842 2.353091 0.016793
2.366001 2.381749 0.028699
2.357745 2.399751 0.013132
2.397168 2.433837 0.010226
2.344949 2.338298 0.010388
2.375061 2.364265 0.012607
2.336076 2.352385 0.018768
2.400015 2.423268 0.023853
2.345365 2.415499 0.013999
2.357100 2.406046 0.012386
2.361536 2.421719 0.018486
2.428041 2.371788 0.016547
2.390067 2.475695 0.028889
2.447857 2.332648 0.013425
2.334351 2.364624 0.024834
2.379839 2.406809 0.013867
2.375781 2.383284 0.016426
6 8 16392
3.374574 3.218186 0.016089
3.298122 3.310638 0.014594
3.239348 3.443959 0.011892
3.205537 3.286355 0.032217
3.330557 3.292560 0.011932
3.264156 3.318888 0.016699
3.272817 3.418665 0.020569
3.357793 3.304384 0.011911
3.268069 3.438002 0.015040
3.379686 3.399918 0.023205
3.281402 3.352064 0.019386
3.392255 3.261936 0.011167
3.324663 3.419623 0.015754
3.350414 3.338436 0.017245
3.377126 3.315996 0.020602
3.359950 3.272248 0.019982
3.253744 3.480609 0.017131
3.254247 3.457766 0.014136
3.284066 3.302746 0.015392
3.440533 3.426156 0.009012
3.283587 3.391168 0.016561
3.257262 3.345882 0.011349
3.362591 3.425341 0.011316
3.263438 3.357051 0.020541
3.345797 3.325012 0.015762
6 16 16392
5.739264 5.743463 0.013364
5.585375 5.649514 0.014307
5.631180 5.627384 0.034668
5.524826 5.697691 0.022562
5.662359 5.705311 0.017917
5.730376 5.725646 0.018149
5.616392 5.632420 0.008425
5.753421 5.719624 0.015721
5.617693 5.581419 0.013258
5.616890 5.657385 0.011469
5.669800 5.650862 0.021391
5.558072 5.630855 0.009512
5.664374 5.700419 0.012964
5.545214 5.691665 0.012564
5.795638 5.596441 0.015265
5.536324 5.602566 0.022142
5.623019 5.696938 0.020179
5.686770 5.738106 0.008578
5.532025 5.630161 0.026377
5.586461 5.656273 0.019192
5.601799 5.686548 0.018366
5.553214 5.647917 0.010314
5.610399 5.604178 0.017609
5.774020 5.784536 0.022903
5.529895 5.599640 0.014811
6 24 16392
8.043857 8.193408 0.015272
7.752061 7.991178 0.014189
8.008756 8.114085 0.020320
7.986282 8.119913 0.008801
7.810868 8.194790 0.008707
7.865364 7.884568 0.022495
7.860965 8.015863 0.014482
7.915654 8.006495 0.016793
8.045203 8.121371 0.029354
7.940583 7.968007 0.016069
8.096690 7.956706 0.013979
7.995640 8.083187 0.018631
7.906691 7.924030 0.010220
8.082956 8.227294 0.016065
8.096088 8.101103 0.010747
8.005699 8.001893 0.012675
8.069119 8.020892 0.011919
7.858464 8.199902 0.016114
8.060455 8.281090 0.013883
7.882798 8.252016 0.016179
8.108790 7.999750 0.012714
8.016533 8.122925 0.013566
7.894248 7.967110 0.021804
8.022640 8.186363 0.038181
8.078678 8.014841 0.019391
###
