1 1 1020
6.141537 6.102836 0.265697
6.140940 6.106289 0.084009
6.132666 6.105567 0.117531
6.145750 6.121290 0.164342
6.165875 6.104106 0.075815
6.153668 6.097842 0.320041
6.113931 6.060603 0.140202
6.143019 6.115806 0.428453
6.160056 6.093744 0.180043
6.133898 6.100456 0.070611
6.130134 6.096544 0.073553
6.143282 6.123495 0.193056
6.128021 6.090250 0.114361
6.144945 6.086079 0.187927
6.158773 6.098749 0.099747
6.147260 6.105321 0.057393
6.136203 6.116948 0.152874
6.143638 6.114833 0.173880
6.141272 6.112816 0.172077
6.138623 6.117193 0.168320
6.151829 6.108584 0.142777
6.150688 6.111914 0.269160
6.156382 6.126682 0.156485
6.144514 6.099167 0.116172
6.134537 6.099859 0.112577
1 2 1020
5.489327 5.625799 0.102520
5.490532 5.507660 0.151847
5.492033 5.507855 0.127636
5.488645 5.501103 0.094652
5.506389 5.629510 0.118754
5.496711 5.506855 0.104325
5.500928 5.631916 0.060469
5.500727 5.516659 0.078200
5.496379 5.514998 0.162367
5.490657 5.505054 0.069066
5.506786 5.505072 0.209194
5.504699 5.514287 0.217699
5.493460 5.514384 0.110738
5.500766 5.618182 0.087566
5.497311 5.497858 0.294322
5.483673 5.522380 0.060247
5.500950 5.507721 0.067162
5.500639 5.522298 0.095070
5.471507 5.495637 0.229112
5.503922 5.511647 0.188369
5.494763 5.501662 0.069902
5.492590 5.520712 0.085121
5.508577 5.503017 0.136943
5.514979 5.636405 0.058568
5.492024 5.514474 0.171950
1 4 1020
5.307255 5.575854 0.187064
5.294599 5.365808 0.094261
5.303288 5.355599 0.138809
5.302390 5.352766 0.188843
5.297437 5.364469 0.072651
5.503921 5.549419 0.225965
5.494246 5.554125 0.110990
5.307616 5.374288 0.098332
5.332687 5.440783 0.095893
5.300160 5.353616 0.103457
5.324005 5.355864 0.119975
5.288006 5.333302 0.175905
5.294194 5.365754 0.122425
5.303785 5.356159 0.143726
5.283767 5.353639 0.181800
5.305677 5.362425 0.163319
5.502313 5.369136 0.135986
5.310056 5.582258 0.186583
5.310166 5.365946 0.123392
5.280657 5.493658 0.061136
5.289834 5.344646 0.341934
5.509451 5.583100 0.183410
5.309655 5.547821 0.083696
5.301971 5.363793 0.201442
5.310536 5.557096 0.096875
1 8 1024
5.745217 5.687570 0.087539
5.698628 5.699854 0.136103
5.685481 5.868406 0.210114
5.652585 5.840466 0.121456
5.721600 5.739779 0.210807
5.650035 5.686014 0.105417
5.634214 5.843230 0.104494
5.698593 5.879363 0.185807
5.681163 5.847599 0.114202
5.684141 5.767538 0.104825
5.663125 5.756480 0.131382
5.635998 5.777601 0.157550
5.894517 5.853135 0.083104
5.662188 5.864952 0.263614
5.680066 5.750559 0.138756
5.661764 5.785212 0.104730
5.682303 5.729567 0.222715
5.687197 5.763689 0.296599
5.653959 5.668272 0.092868
5.729329 5.662137 0.191226
5.692748 5.664808 0.064904
5.656619 5.865868 0.157004
5.671209 5.713661 0.096832
5.759823 5.873179 0.168325
5.639959 5.847195 0.338891
1 16 1024
6.541328 6.484535 0.055382
6.545536 6.826505 0.296951
6.248517 6.426358 0.146553
6.441632 6.359132 0.138464
6.342886 6.591248 0.141926
6.204731 6.663690 0.059765
6.752402 6.337367 0.097988
6.618077 6.868174 0.261004
6.295216 6.331221 0.084623
6.557913 6.553570 0.064702
6.347107 6.621801 0.147297
6.338880 6.345403 0.240247
6.565572 6.503348 0.049645
6.696379 6.545617 0.079898
6.372446 6.376567 0.140732
6.582101 6.658259 0.217158
6.416828 6.358596 0.060902
6.257889 6.675706 0.184829
6.441961 6.450327 0.086019
6.478640 6.242056 0.133024
6.353243 6.386896 0.078244
6.589398 6.458661 0.153807
6.618512 6.594594 0.078106
6.383234 6.576673 0.108906
6.440198 6.561587 0.094550
1 24 1024
7.646429 8.375577 0.137984
7.961658 7.826718 0.087485
8.208006 8.013609 0.149315
8.002670 7.971174 0.071033
8.214702 7.996614 0.119837
8.121005 7.992702 0.204797
8.240551 8.271582 0.130661
8.312810 8.417308 0.160444
7.834601 8.269216 0.093674
8.169256 8.177823 0.099996
8.253099 7.982060 0.121424
8.059049 8.168538 0.151678
8.419639 8.032570 0.081711
8.400201 7.934326 0.221423
7.932896 7.937392 0.085166
7.777553 7.919281 0.152153
8.156861 7.957095 0.141375
8.019895 7.999835 0.277428
8.023849 8.343037 0.145952
7.885531 8.165578 0.078081
8.351944 7.763339 0.172307
8.049649 8.326845 0.161560
7.658053 8.317863 0.060173
7.792003 7.947309 0.144281
8.160842 8.284963 0.151661
2 1 1024
3.071044 3.078208 0.127992
3.156440 3.067949 0.071078
3.079867 3.067957 0.130643
3.071216 3.059277 0.198073
3.097582 3.070290 0.097136
3.079759 3.083373 0.208441
3.169420 3.069832 0.163543
3.090416 3.065038 0.084211
3.069731 3.056868 0.081733
3.080093 3.080500 0.112153
3.086825 3.076692 0.125075
3.066598 3.064645 0.066298
3.073823 3.053180 0.238645
3.094713 3.063867 0.115522
3.078313 3.065639 0.082445
3.081328 3.071974 0.104534
3.072153 3.075393 0.094643
3.087442 3.070382 0.236415
3.087225 3.077144 0.058995
3.091539 3.076600 0.224086
3.073841 3.063341 0.133457
3.086033 3.070450 0.115577
3.079740 3.065869 0.137014
3.185083 3.064528 0.098646
3.079075 3.063528 0.437372
2 2 1024
2.946591 2.814279 0.175061
2.746596 2.820772 0.150463
2.958046 2.765851 0.128266
2.953407 3.027557 0.087153
2.753892 2.818086 0.068594
2.835642 2.955398 0.145323
2.950461 2.963887 0.170803
2.759438 2.824792 0.106499
2.749172 3.012466 0.070893
2.766072 3.033217 0.100672
2.950119 3.022339 0.086974
2.753660 2.974189 0.065802
2.964491 2.822398 0.262300
2.772432 3.020769 0.080038
2.755508 3.025159 0.127145
2.959631 2.825060 0.172540
2.748648 2.817322 0.111412
2.758457 3.019373 0.116660
2.762082 2.823432 0.340424
2.911862 3.022907 0.084858
2.802445 2.959932 0.161264
2.851061 2.817782 0.131492
2.949322 2.811225 0.069594
2.755892 3.018906 0.085265
2.948556 2.812377 0.066226
2 4 1024
3.023621 2.976466 0.307792
3.044765 3.077171 0.209434
3.030899 3.058441 0.191134
3.048391 2.921571 0.208032
2.907632 2.896745 0.077353
2.955423 2.932272 0.128620
3.036549 3.003478 0.099983
2.920351 3.063680 0.058097
2.869367 3.047963 0.169254
2.902169 2.955011 0.227779
2.904767 3.020615 0.448380
2.937254 3.007581 0.238554
2.911232 2.962526 0.122844
2.947643 2.893951 0.367533
2.987318 3.043644 0.145199
2.986436 2.965136 0.200854
3.020453 3.061952 0.190212
3.011469 3.070588 0.195319
2.990705 3.021716 0.305888
2.875384 3.005170 0.106264
2.974613 2.959685 0.106600
3.019301 2.943051 0.198554
2.908880 3.059120 0.053728
2.983008 3.058671 0.117551
2.903418 2.932830 0.141161
2 8 1024
3.475253 3.719242 0.411489
3.636032 3.415580 0.163102
3.408240 3.598415 0.155067
3.431217 3.592659 0.077615
3.227003 3.299306 0.168046
3.343711 3.771094 0.114816
3.691900 3.779374 0.113715
3.305919 3.602704 0.114371
3.316044 3.730207 0.265809
3.331637 3.557756 0.098376
3.443510 3.836967 0.166054
3.697756 3.432342 0.133548
3.505892 3.442253 0.188737
3.360206 3.259880 0.134465
3.249175 3.332849 0.106931
3.440882 3.326126 0.098481
3.281577 3.925478 0.132207
3.333220 3.509673 0.155787
3.604072 3.716480 0.111566
3.361744 3.694190 0.079254
3.393828 3.151700 0.090005
3.525899 3.489054 0.100367
3.333572 3.444153 0.074998
3.477160 3.662463 0.334245
3.710550 3.889606 0.102754
2 16 1024
5.361397 5.079519 0.090443
5.042381 5.376028 0.167296
5.279991 5.329396 0.142900
5.343180 5.463370 0.198361
5.112576 5.639400 0.100430
5.205676 5.511059 0.216704
5.137636 5.578638 0.141065
5.393347 5.593034 0.136771
5.017633 5.546851 0.106967
5.411868 5.254526 0.129652
5.490766 5.052362 0.215359
5.212587 5.377043 0.194491
5.197704 5.148880 0.178617
5.293496 5.423220 0.117974
5.105159 5.056884 0.113734
5.554476 5.479670 0.119285
5.066242 5.304035 0.114238
5.332347 5.533089 0.220164
5.280328 5.446881 0.141980
5.174821 5.550698 0.107878
5.493615 5.437200 0.054077
5.302128 5.648632 0.341095
5.193875 5.213143 0.104232
5.404441 5.324308 0.099016
5.251013 5.423371 0.308364
2 24 1024
7.455120 7.232436 0.209150
7.356637 7.514818 0.206195
7.241368 7.255619 0.097451
7.604175 7.290012 0.088060
7.264698 7.326655 0.262110
7.337875 7.515558 0.129824
7.506537 7.461347 0.142752
7.421427 7.261549 0.077169
7.283803 7.268635 0.091052
7.066625 7.425764 0.151963
7.260953 7.329110 0.074082
7.258640 7.288399 0.281599
7.326178 7.237816 0.072659
7.430245 7.091134 0.133553
7.404414 7.318816 0.120198
7.386985 7.488556 0.213216
7.280341 7.158743 0.280123
7.421739 7.244811 0.193535
7.059813 7.166667 0.118928
6.994411 7.288757 0.112828
7.386805 7.312329 0.163327
7.401309 7.397276 0.159179
7.294412 7.346957 0.117230
7.406707 7.435775 0.099658
7.147777 7.285371 0.137192
4 1 1024
1.545772 1.534775 0.145796
1.544429 1.533901 0.153956
1.547193 1.540541 0.089615
1.547984 1.541128 0.196226
1.540239 1.541996 0.134685
1.608793 1.535775 0.196665
1.546580 1.537424 0.150639
1.550007 1.533497 0.179691
1.548537 1.535005 0.105998
1.541067 1.540630 0.167054
1.552100 1.532073 0.112721
1.579774 1.533688 0.196709
1.552590 1.536082 0.144465
1.543310 1.539991 0.246457
1.546516 1.535419 0.068562
1.544564 1.543991 0.067078
1.644217 1.538868 0.278120
1.699225 1.537567 0.143933
1.691348 1.534126 0.233849
1.698478 1.537826 0.192257
1.545865 1.530297 0.109558
1.549415 1.534788 0.075939
1.544890 1.537319 0.150894
1.551202 1.532386 0.069111
1.539465 1.537513 0.173536
4 2 1024
1.481234 1.518292 0.088046
1.482276 1.513128 0.106220
1.377123 1.514729 0.084715
1.460847 1.480912 0.140406
1.462966 1.509385 0.092621
1.477677 1.516315 0.155823
1.477456 1.513914 0.078626
1.479330 1.518792 0.157875
1.479535 1.484374 0.134201
1.515828 1.479716 0.220364
1.488737 1.520154 0.185152
1.633454 1.482346 0.105546
1.482903 1.516014 0.124184
1.486087 1.518713 0.162330
1.529518 1.515877 0.179283
1.389946 1.510985 0.063845
1.466648 1.513704 0.127355
1.466634 1.487760 0.338442
1.570779 1.511775 0.142706
1.481988 1.513556 0.118485
1.479187 1.414639 0.105521
1.481926 1.873037 0.146911
1.474632 1.492136 0.105076
1.462774 1.491007 0.195143
1.636853 1.481275 0.145909
4 4 1024
1.464606 1.462632 0.069937
1.461404 1.473448 0.158005
1.476117 1.509780 0.090468
1.503496 1.523465 0.219060
1.499004 1.497155 0.149888
1.509262 1.510569 0.051063
1.465229 1.514960 0.146495
1.497706 1.507334 0.142928
1.498170 1.535725 0.152848
1.460824 1.526511 0.053678
1.465724 1.509236 0.180342
1.463363 1.512138 0.084000
1.516593 1.457846 0.083498
1.510393 1.516718 0.220773
1.529003 1.517829 0.181929
1.460322 1.513520 0.111620
1.503102 1.527483 0.077222
1.512532 1.482434 0.135635
1.494581 1.513718 0.187494
1.469872 1.518519 0.058974
1.459407 1.448088 0.160630
1.459868 1.486479 0.141660
1.504645 1.511227 0.116917
1.454476 1.507050 0.115790
1.495462 1.512858 0.078864
4 8 1024
1.725457 1.678652 0.167625
1.748360 1.665403 0.104280
1.692838 1.754162 0.176474
1.678288 1.717225 0.186627
1.744535 1.667900 0.082823
1.699174 1.665071 0.084907
1.677347 1.744573 0.111187
1.722171 1.632834 0.080401
1.704641 1.693424 0.065651
1.725441 1.730962 0.137648
1.717904 1.705202 0.171725
1.670903 1.694730 0.325437
1.759650 1.751569 0.098715
1.762889 1.773733 0.208323
1.640369 1.798121 0.147242
1.741754 1.677272 0.091460
1.738947 1.795222 0.220877
1.697235 1.796702 0.052753
1.689391 1.771935 0.132664
1.716156 1.761029 0.158452
1.756387 1.751663 0.104687
1.724156 1.770639 0.154483
1.743624 1.695351 0.320348
1.765419 1.691932 0.116502
1.695824 1.718981 0.213576
4 16 1024
2.658375 2.671572 0.125558
2.648835 2.621635 0.209355
2.640466 2.665666 0.227497
2.731929 2.554884 0.154498
2.722834 2.645321 0.100043
2.600363 2.633232 0.082305
2.642522 2.634616 0.081030
2.551683 2.584081 0.142311
2.636495 2.665721 0.160859
2.646105 2.590528 0.231632
2.581820 2.620207 0.104940
2.591733 2.652898 0.111868
2.625088 2.628743 0.213515
2.609123 2.602671 0.069501
2.609610 2.644488 0.165054
2.579277 2.555929 0.109774
2.604959 2.595799 0.125179
2.596968 2.594656 0.067724
2.647697 2.686348 0.134004
2.546799 2.650832 0.156835
2.658281 2.549186 0.226301
2.640977 2.588767 0.063558
2.527150 2.621638 0.059932
2.556111 2.669183 0.161031
2.572001 2.616452 0.087001
4 24 1024
3.509881 3.718001 0.133753
3.503530 3.542961 0.169867
3.707882 3.627293 0.064582
3.521366 3.619544 0.099633
3.666699 3.625550 0.215414
3.647503 3.605242 0.220688
3.526627 3.577233 0.115379
3.560438 3.723539 0.059081
3.634584 3.638702 0.069001
3.575469 3.649177 0.251294
3.573106 3.630722 0.063677
3.538871 3.627891 0.133592
3.676647 3.663400 0.077793
3.678085 3.664507 0.138960
3.781454 3.597946 0.068233
3.587876 3.706793 0.087041
3.563399 3.633961 0.146334
3.598377 3.693118 0.145522
3.622379 3.680020 0.100600
3.684318 3.658724 0.079418
3.525061 3.686536 0.096520
3.611288 3.536397 0.082370
3.386658 3.680528 0.102439
3.657224 3.683959 0.170120
3.547212 3.588103 0.058794
6 1 1024
1.189082 1.045365 0.096324
1.059722 1.156834 0.142156
1.188217 1.180679 0.098985
1.062162 1.155024 0.085534
1.117188 1.189162 0.065666
1.187352 1.152849 0.329930
1.116724 1.053605 0.210964
1.197142 1.051332 0.125663
1.146907 1.050563 0.074843
1.192341 1.052180 0.140513
1.061448 1.160994 0.178120
1.160672 1.049714 0.210384
1.061401 1.190160 0.096144
1.190533 1.183503 0.140093
1.198446 1.184766 0.046779
1.188876 1.186118 0.079309
1.191218 1.186318 0.155538
1.057915 1.156087 0.204516
1.186801 1.151424 0.095038
1.117004 1.196004 0.170619
1.186972 1.184936 0.054502
1.143948 1.184079 0.121181
1.048317 1.152875 0.097467
1.188168 1.048445 0.095924
1.193566 1.151588 0.112297
6 2 1024
1.066311 1.022463 0.072267
1.019762 1.036964 0.195018
1.021608 1.043407 0.112764
1.018853 1.069472 0.103676
1.024459 1.049531 0.117132
1.026492 1.021669 0.084665
1.047795 1.089930 0.086586
1.029329 1.060613 0.094529
1.068938 1.014925 0.201162
1.023590 1.016057 0.102165
1.044664 1.024834 0.099134
1.061048 1.077063 0.061629
1.077853 1.019297 0.070768
1.037817 1.042861 0.145814
1.064813 1.039166 0.228390
1.033577 1.063625 0.190687
1.010814 1.091111 0.134634
1.067028 1.038360 0.242829
1.015250 1.026662 0.083258
1.017685 1.067738 0.125264
1.015513 1.017020 0.199928
1.025308 1.061276 0.285453
1.045204 1.124087 0.126895
1.021615 1.019823 0.112807
1.007955 1.104857 0.306918
6 4 1024
1.072631 1.078256 0.165415
1.089079 1.062661 0.208464
1.097268 1.069165 0.124086
1.059243 1.088953 0.125807
1.066746 1.065273 0.139911
1.086449 1.067051 0.103570
1.072546 1.100067 0.171184
1.156481 1.080008 0.063214
1.051223 1.049876 0.104803
1.075379 1.085783 0.183381
1.093090 1.132949 0.133340
1.081441 1.174698 0.092919
1.063403 1.080658 0.150800
1.052260 1.064567 0.057652
1.060770 1.064548 0.157289
1.074153 1.064641 0.085411
1.097428 1.064450 0.111826
1.052105 1.100254 0.179315
1.050712 1.064291 0.061338
1.061583 1.060190 0.130410
1.061085 1.070584 0.148046
1.064419 1.066597 0.054987
1.081924 1.062099 0.160473
1.059610 1.071219 0.210924
1.055365 1.065841 0.089861
6 8 1024
1.480843 1.533923 0.135171
1.477019 1.551759 0.121868
1.493201 1.456240 0.287581
1.463650 1.601203 0.079454
1.456704 1.485610 0.110283
1.518255 1.492601 0.066811
1.496352 1.486131 0.181472
1.517041 1.521353 0.237126
1.505694 1.473981 0.218550
1.462300 1.462076 0.114759
1.586286 1.529465 0.163079
1.523296 1.474634 0.106998
1.451320 1.495338 0.144267
1.461759 1.466497 0.065731
1.510772 1.476731 0.072161
1.497122 1.480401 0.119683
1.506313 1.576923 0.108542
1.445636 1.464695 0.255805
1.495272 1.453936 0.064173
1.479010 1.563158 0.143947
1.505510 1.437746 0.092114
1.438751 1.486019 0.257770
1.526992 1.531946 0.151726
1.454156 1.475040 0.112274
1.502994 1.519046 0.130499
6 16 1024
2.443005 2.480222 0.175127
2.452025 2.490316 0.181144
2.483845 2.531108 0.128760
2.438674 2.511111 0.069370
2.421693 2.470134 0.078805
2.405565 2.463127 0.053518
2.456758 2.527376 0.194094
2.502770 2.490454 0.087329
2.499001 2.522121 0.123187
2.481506 2.466056 0.189604
2.510050 2.583037 0.120754
2.523629 2.499800 0.073778
2.461745 2.470632 0.191488
2.412141 2.479988 0.103836
2.503343 2.535724 0.175250
2.483599 2.506949 0.101778
2.471147 2.482561 0.171823
2.493749 2.523846 0.134318
2.434997 2.499899 0.061001
2.477108 2.469857 0.235149
2.436939 2.486515 0.069469
2.466933 2.561809 0.140624
2.393458 2.551012 0.164548
2.486923 2.582812 0.101406
2.395867 2.491111 0.171523
6 24 1024
3.487894 3.494278 0.197682
3.556408 3.518024 0.082907
3.440700 3.590877 0.110518
3.425906 3.544130 0.076827
3.411568 3.555443 0.067245
3.406022 3.565272 0.083861
3.463512 3.583981 0.082175
3.339997 3.623954 0.064549
3.477952 3.546970 0.063421
3.431914 3.558945 0.067102
3.481840 3.573995 0.177711
3.398981 3.573018 0.216378
3.492586 3.590011 0.087434
3.486495 3.550449 0.066550
3.472135 3.541684 0.105959
3.528457 3.556192 0.089638
3.401949 3.556128 0.166897
3.466748 3.622344 0.107291
3.448262 3.556759 0.267193
3.483504 3.561477 0.096970
3.467552 3.589817 0.114224
3.417314 3.557388 0.054311
3.456059 3.605533 0.071919
3.442734 3.564506 0.058566
3.493273 3.493490 0.156830
###
