1 1 4096
24.590134 24.419685 0.076784
24.551883 24.450622 0.184976
24.361666 24.415412 0.155077
24.553241 24.406919 0.104657
24.541030 24.506032 0.084030
24.600423 24.399976 0.320303
24.614121 24.428130 0.303959
24.616089 24.349828 0.122558
24.485750 24.373607 0.104481
24.379913 24.367093 0.177570
24.501355 24.336126 0.166384
24.468296 24.300874 0.134831
24.478121 24.476878 0.091284
24.551019 24.408707 0.177780
24.584612 24.337239 0.105885
24.523325 24.453332 0.082875
24.635696 24.463925 0.064151
24.658074 24.475794 0.163188
24.623013 24.434308 0.260130
24.511602 24.479104 0.151618
24.565759 24.401845 0.087661
24.563253 24.343233 0.111122
24.614171 24.385933 0.147635
24.437609 24.345149 0.135609
24.601488 24.372227 0.088122
1 2 4096
22.008898 22.021361 0.090750
21.895073 22.041106 0.122202
21.906627 21.989645 0.058452
22.003354 22.081369 0.073063
21.915090 22.043411 0.178987
21.920468 21.991789 0.210453
21.966913 22.004577 0.254111
21.908959 21.995671 0.159449
21.931368 21.970131 0.113715
22.009094 22.563285 0.122375
21.940204 22.479736 0.206656
21.940058 22.491100 0.115135
21.994324 22.053882 0.110846
21.890728 21.989898 0.086042
21.920760 22.091181 0.135333
21.912840 22.078059 0.099734
21.909837 21.981458 0.185782
21.928718 21.999805 0.122949
21.940516 22.074031 0.079441
21.918481 22.513577 0.076888
21.921354 22.013400 0.231462
21.996800 21.942689 0.090123
21.940308 22.001422 0.226484
21.960838 21.973870 0.101606
21.896647 21.996636 0.188416
1 4 4096
21.269624 22.187594 0.104234
21.178895 21.417612 0.117478
21.187110 22.231508 0.191793
21.134283 22.842788 0.130733
21.219430 22.031763 0.160693
21.951604 21.316446 0.278882
21.190438 21.383865 0.116330
21.241764 22.345735 0.244264
21.189662 21.357432 0.197590
21.195490 22.256140 0.246699
21.234252 22.899955 0.089128
21.220133 22.943732 0.066691
21.161613 21.289203 0.072703
21.245767 21.438426 0.130256
21.168375 22.189305 0.115958
21.137176 21.345707 0.113245
22.040663 22.174052 0.155052
21.112118 22.789832 0.082265
21.202232 21.428226 0.144883
21.197053 22.140821 0.169334
21.143587 22.189155 0.142737
21.145021 22.808752 0.581822
21.176192 22.187575 0.063802
21.127940 22.267251 0.148264
21.208586 21.426757 0.233659
1 8 4096
22.975356 22.958772 0.175960
22.432279 23.037174 0.110060
22.543983 23.289110 0.127350
22.500690 23.032300 0.140880
22.619574 23.444849 0.101373
22.645728 23.644966 0.117460
22.682422 23.676605 0.071413
23.691954 22.765099 0.100310
22.486289 22.528213 0.116667
23.194997 23.347751 0.132773
22.687187 22.723168 0.070516
22.871155 23.014298 0.178177
22.498972 22.752999 0.066269
22.540591 23.284922 0.103218
22.463192 23.068757 0.116985
22.446346 22.916993 0.199256
22.638262 23.002408 0.053551
22.542711 23.275185 0.253706
22.652232 23.370568 0.145811
23.277205 23.137982 0.102259
22.511761 22.943282 0.223594
22.702893 23.448431 0.092680
22.730429 23.006699 0.093908
22.658350 23.319815 0.152831
23.231736 23.292890 0.098418
1 16 4096
26.177502 25.537201 0.142861
26.406811 26.068029 0.199726
25.341878 25.703805 0.065713
25.739434 25.637862 0.133735
25.872268 26.239921 0.089211
25.208562 25.681832 0.151720
25.007781 25.992010 0.070626
25.494864 24.900250 0.202531
25.522294 25.339309 0.117791
25.435363 25.563066 0.075510
25.270251 25.183693 0.133717
26.076010 25.494412 0.171494
25.254231 26.357183 0.107973
25.147702 26.094838 0.087070
25.530788 26.508905 0.059411
25.330635 27.225694 0.149512
25.832087 25.744680 0.079546
25.302893 25.363309 0.096024
26.050684 26.035164 0.057216
25.876196 25.630247 0.133711
25.605238 25.550164 0.157612
25.358461 25.433439 0.056759
26.775311 25.720953 0.111616
25.981134 25.995033 0.115568
25.566267 25.500216 0.198715
1 24 4096
32.334861 31.692837 0.225188
32.574680 32.239435 0.081443
32.018783 32.813339 0.083613
32.111594 32.433310 0.123148
32.688785 32.613402 0.084715
32.181057 32.677422 0.211770
33.222296 32.284155 0.089194
31.524063 32.704165 0.052731
31.656946 32.092846 0.176612
32.086746 32.024972 0.150189
32.176704 31.911099 0.095490
31.755048 31.899674 0.102598
31.954390 32.299091 0.081868
31.822199 33.005293 0.119818
33.344787 32.241858 0.178141
32.343579 32.500904 0.149805
32.257220 32.208477 0.056598
32.259955 32.557980 0.066411
31.377969 31.717669 0.113432
32.749008 32.423294 0.071834
31.831050 31.275363 0.078474
31.560233 32.022620 0.213694
32.621465 32.909346 0.122579
31.984663 32.054038 0.109674
31.942209 32.715401 0.083605
2 1 4096
12.386687 12.219061 0.164335
12.273008 12.220511 0.188791
12.255831 12.231756 0.202344
12.306138 12.238548 0.123599
12.269239 12.220911 0.199351
12.484990 12.205254 0.108183
12.306855 12.249200 0.076606
12.270895 12.224622 0.145716
12.320036 12.264263 0.357911
12.618624 12.249720 0.162861
12.306022 12.244007 0.232496
12.451866 12.227006 0.203058
12.287512 12.225527 0.061137
12.300770 12.244732 0.071849
12.310057 12.206134 0.236863
12.274732 12.214843 0.076889
12.497853 12.241963 0.337877
12.338345 12.216538 0.245621
12.282528 12.223817 0.236575
12.281740 12.250694 0.112142
12.358935 12.259024 0.141053
12.305053 12.228324 0.162055
12.290221 12.262124 0.080059
12.249571 12.218509 0.135743
12.255962 12.204972 0.136644
2 2 4096
11.807557 11.782410 0.121503
11.766840 11.701943 0.269479
11.075493 11.825171 0.260539
11.762689 11.028771 0.065200
11.774612 12.029372 0.099375
11.816157 11.853512 0.161392
11.755762 12.026233 0.104616
11.038258 11.038268 0.144303
11.073524 12.185203 0.071340
11.789294 11.833516 0.247567
10.978981 11.443355 0.259623
10.999808 11.013425 0.206919
11.797702 11.275000 0.266980
11.781462 12.078394 0.152474
11.017625 12.076417 0.102959
11.000224 11.255258 0.155663
11.823539 12.078489 0.068942
11.074634 11.012466 0.184738
11.791434 11.047874 0.261296
10.972673 11.004054 0.073002
11.789298 12.061982 0.169392
11.764496 11.853443 0.092880
11.015524 12.066519 0.109856
11.780149 12.039602 0.057225
11.823949 11.848699 0.121443
2 4 4096
11.978848 11.847704 0.092206
11.641398 12.050668 0.256574
11.768257 11.834044 0.175763
11.561336 11.888120 0.047953
11.590007 11.945029 0.061976
11.566152 11.867535 0.091539
11.935725 12.236529 0.080906
12.016386 12.180605 0.233965
11.725434 11.757908 0.096064
11.689963 12.216764 0.089986
11.875040 11.640420 0.150560
12.066817 12.086855 0.109614
11.777564 11.734599 0.110653
11.591568 12.235368 0.175468
11.620464 11.653241 0.075089
12.002074 11.619821 0.074598
11.747081 11.833721 0.086890
11.591358 12.060155 0.133793
11.550237 11.935845 0.176810
11.845150 11.641970 0.204193
12.037973 11.547442 0.171914
11.732777 11.744848 0.109886
11.541206 12.004801 0.178396
11.748382 12.182993 0.125979
12.121534 11.993548 0.118404
###
