1 1 16392
98.145652 97.627174 0.112215
98.170974 97.768463 0.163048
98.213797 97.675192 0.339093
1 2 16392
87.788015 88.182844 0.214212
87.989606 90.519489 0.071084
87.737351 90.168172 0.187120
1 4 16392
86.783494 88.654698 0.085197
84.703988 88.275631 0.127121
87.879477 85.176545 0.100506
1 8 16392
92.727761 90.811350 0.059237
93.022231 92.007756 0.098944
92.110159 91.968601 0.272429
1 16 16392
103.762012 103.288292 0.121126
100.802342 102.150581 0.124099
102.553072 101.563897 0.104834
1 24 16392
127.950672 129.142333 0.157847
127.993481 127.852574 0.273002
125.911442 128.141115 0.186757
2 1 16392
49.137321 48.747824 0.076756
49.101767 48.766260 0.113506
49.127953 49.043843 0.185276
2 2 16392
47.199739 48.402756 0.166430
43.891078 45.961790 0.106977
44.071759 46.135932 0.110971
2 4 16392
47.230418 48.709369 0.155238
48.198669 48.707013 0.072973
48.005933 49.237016 0.169895
2 8 16392
54.134338 54.393273 0.242683
52.338181 54.444506 0.080143
53.358378 52.338473 0.101523
2 16 16392
82.334054 85.057986 0.087386
80.865997 84.119765 0.084635
84.012900 83.797314 0.108677
2 24 16392
116.695802 115.917968 0.139523
116.061209 114.800395 0.105394
115.572899 116.339158 0.047374
4 1 16392
24.641658 24.501355 0.064351
24.635942 24.491068 0.071672
24.581929 24.460948 0.231872
4 2 16392
23.530728 24.080053 0.063153
22.069674 24.076876 0.177337
22.079640 24.164551 0.164403
4 4 16392
23.806270 23.221375 0.049471
23.870971 23.391029 0.165221
23.747471 23.830587 0.079440
4 8 16392
27.284104 26.758232 0.072364
26.919083 26.602780 0.213051
26.619610 26.740358 0.175864
4 16 16392
40.465261 40.736998 0.122073
40.932047 41.539591 0.144100
41.334352 40.899112 0.186750
4 24 16392
57.614654 57.420466 0.104161
57.956887 57.507356 0.168447
56.857710 57.165843 0.084898
6 1 16392
16.423541 18.496103 0.095594
16.421845 16.376184 0.222396
16.638873 18.567341 0.117809
6 2 16392
15.799512 16.125264 0.211617
15.767361 16.199482 0.202164
17.337324 16.246244 0.179329
6 4 16392
16.876253 16.521899 0.049600
16.495314 16.510941 0.116004
16.447583 16.616115 0.150946
6 8 16392
23.984739 23.139617 0.113505
22.631662 22.562797 0.122005
23.579758 23.336270 0.143814
6 16 16392
39.221306 39.391574 0.224320
39.284556 39.160445 0.473558
39.963665 39.386210 0.085531
6 24 16392
55.788164 55.915565 0.184844
55.867043 57.453310 0.224870
55.747503 56.262966 0.116931
###
