1 1 4096
3.355105 3.307086 0.015069
3.366734 3.295750 0.014173
3.355211 3.299561 0.022283
3.357414 3.293435 0.030889
3.350408 3.319891 0.015411
3.362377 3.324766 0.019520
3.366124 3.321796 0.019257
3.378031 3.315304 0.021214
3.364239 3.339965 0.018686
3.358803 3.321242 0.010905
3.355784 3.278816 0.016360
3.350598 3.322098 0.048535
3.371935 3.302569 0.011867
3.362533 3.313254 0.022709
3.364652 3.293058 0.013324
3.352093 3.315385 0.032483
3.359595 3.313516 0.014943
3.348561 3.323296 0.017651
3.366454 3.335289 0.017946
3.371725 3.310233 0.015086
3.353323 3.301158 0.014992
3.368070 3.317886 0.010414
3.404916 3.359338 0.025804
3.345528 3.330479 0.021517
3.371275 3.315141 0.022633
1 2 4096
3.063963 3.104271 0.021487
3.111675 3.104017 0.015685
3.092636 3.093478 0.016021
3.054048 3.083719 0.019174
3.034847 3.051800 0.015475
3.067668 3.101170 0.022055
3.054284 3.080887 0.021970
3.117146 3.108160 0.032474
3.073862 3.097053 0.010279
3.080148 3.082160 0.028032
3.083125 3.098413 0.015946
3.069757 3.111929 0.024882
3.098087 3.104889 0.015640
3.066333 3.114145 0.022058
3.076273 3.076335 0.013336
3.086445 3.100008 0.017123
3.069522 3.104627 0.017615
3.053532 3.107703 0.011728
3.071250 3.091825 0.012012
3.079576 3.103637 0.022900
3.060371 3.100663 0.012706
3.067242 3.094516 0.027089
3.091350 3.127763 0.021088
3.070942 3.076966 0.014323
3.105022 3.102907 0.016409
1 4 4096
3.014696 3.129079 0.017693
3.016558 3.007062 0.013844
3.012219 3.134139 0.015808
3.031044 3.004256 0.016202
3.014268 3.004454 0.013097
2.992710 2.983833 0.014740
3.024095 2.997401 0.022078
3.025441 2.996317 0.014819
3.017509 3.004689 0.013570
3.041762 3.142301 0.016387
3.017973 3.004785 0.029372
3.150898 3.009671 0.016499
3.028463 3.024765 0.023332
3.126933 3.142485 0.021086
3.011756 3.008329 0.015383
3.006462 3.120146 0.011480
3.019427 3.002089 0.019658
3.052131 3.019757 0.017488
3.010740 3.003895 0.013432
3.013340 3.001278 0.010018
3.016790 3.134008 0.023483
3.011962 3.124500 0.021319
3.019224 3.005989 0.011886
3.010875 2.992597 0.013671
3.013683 3.124063 0.014786
1 8 4096
3.328098 3.317053 0.014453
3.181853 3.212387 0.017951
3.189819 3.270891 0.017330
3.201146 3.259527 0.012738
3.187872 3.264584 0.019899
3.168053 3.300857 0.014573
3.185340 3.262660 0.037152
3.215899 3.235851 0.012129
3.193803 3.305634 0.022803
3.181443 3.258195 0.021129
3.194009 3.296301 0.020172
3.197068 3.194263 0.015845
3.186589 3.225144 0.021079
3.193030 3.235648 0.015717
3.181762 3.158266 0.010001
3.175445 3.388333 0.017880
3.156477 3.200327 0.016293
3.239169 3.210693 0.019787
3.182837 3.207016 0.011293
3.188966 3.225696 0.012853
3.203415 3.232160 0.014720
3.205386 3.284786 0.017009
3.162972 3.293362 0.019871
3.182469 3.305018 0.015562
3.227863 3.263158 0.023672
1 16 4096
3.627967 3.749089 0.020841
3.639226 3.737562 0.019708
3.629781 3.720363 0.014048
3.700911 3.774597 0.018897
3.693039 3.713902 0.016372
3.761279 3.747484 0.014162
3.686418 3.878020 0.020007
3.715259 3.698081 0.015148
3.621195 3.757789 0.025374
3.722570 3.762196 0.020191
3.646791 3.786721 0.016984
3.689125 3.699852 0.015458
3.756787 3.760852 0.016623
3.717524 3.836916 0.013559
3.732671 3.651873 0.011923
3.718484 3.779214 0.020933
3.748338 3.764008 0.012680
3.789410 3.708900 0.016402
3.727789 3.755860 0.013310
3.740795 3.678012 0.011653
3.750994 3.652093 0.017782
3.789675 3.682061 0.016605
3.679887 3.687169 0.014463
3.746881 3.729104 0.022107
3.819176 3.749994 0.012813
1 24 4096
4.772273 4.778776 0.011611
4.743426 4.820943 0.013670
4.817820 4.856784 0.021315
4.696691 4.857638 0.017052
4.833584 4.757377 0.020252
4.770569 4.799864 0.012890
4.967672 4.826470 0.014093
4.751133 4.781454 0.018827
4.762177 4.729319 0.015750
4.874231 4.873746 0.018272
4.808427 4.809098 0.011167
4.802019 4.742537 0.011877
4.731364 4.758742 0.020470
4.865552 4.784003 0.026270
4.686786 4.825603 0.019201
4.775567 4.774204 0.009836
4.825932 4.820758 0.016718
4.764870 4.829180 0.011908
4.774496 4.807712 0.018860
4.754475 4.861259 0.011649
4.747056 4.791775 0.029252
4.699716 4.802942 0.030967
4.852600 4.946946 0.012339
4.789600 4.841862 0.019296
4.846642 4.801287 0.018102
2 1 4096
1.708232 1.692276 0.016068
1.690582 1.669773 0.020851
1.685326 1.663393 0.023798
1.695999 1.686384 0.012083
1.687866 1.656138 0.019603
1.692131 1.648850 0.014649
1.686277 1.655045 0.024984
1.688392 1.665615 0.014629
1.689512 1.674796 0.021676
1.702965 1.657469 0.014798
1.694458 1.660107 0.017784
1.690392 1.669274 0.019049
1.688847 1.662921 0.018281
1.763113 1.662343 0.010975
1.688482 1.665079 0.012483
1.709424 1.687007 0.014964
1.681027 1.661815 0.014106
1.692225 1.660841 0.046634
1.685917 1.657966 0.027595
1.690402 1.695995 0.020828
1.693427 1.668224 0.014826
1.684645 1.672028 0.012614
1.706786 1.701442 0.012795
1.792401 1.667479 0.016071
1.690322 1.664609 0.012099
2 2 4096
1.655536 1.563186 0.017073
1.548449 1.554345 0.019661
1.647837 1.666751 0.018439
1.607222 1.669942 0.018053
1.644152 1.667980 0.011304
1.598011 1.685504 0.026431
1.557999 1.569765 0.016523
1.537056 1.559996 0.015915
1.532015 1.552615 0.015424
1.541985 1.674192 0.016283
1.592708 1.672107 0.009780
1.543757 1.560114 0.012502
1.665946 1.677420 0.012506
1.658146 1.563078 0.014606
1.656159 1.669147 0.010463
1.547398 1.673658 0.012627
1.561439 1.590671 0.020468
1.662779 1.670017 0.011616
1.562729 1.547747 0.008525
1.663438 1.668016 0.012807
1.537785 1.555745 0.015214
1.664563 1.680942 0.012714
1.682887 1.568706 0.014451
1.658865 1.670489 0.012770
1.550262 1.561534 0.020284
2 4 4096
1.634457 1.702673 0.015653
1.671755 1.675484 0.013909
1.714669 1.718348 0.023876
1.662562 1.713775 0.014191
1.649240 1.673883 0.023399
1.635962 1.672282 0.012403
1.647793 1.657129 0.010333
1.653368 1.644192 0.020580
1.705794 1.648676 0.011194
1.649084 1.645404 0.012904
1.664179 1.648529 0.032055
1.643990 1.654636 0.015659
1.655097 1.645272 0.009427
1.660502 1.624993 0.013206
1.658490 1.706394 0.017595
1.640535 1.625670 0.015509
1.678234 1.650772 0.018709
1.711102 1.678673 0.013414
1.714173 1.673173 0.010364
1.643564 1.679396 0.015918
1.655095 1.646059 0.012225
1.667083 1.678846 0.015200
1.642506 1.687513 0.014836
1.659356 1.731625 0.027429
1.658490 1.706394 0.017595
2 8 4096
1.980505 1.907686 0.014105
1.920566 2.001932 0.017468
1.968246 1.879609 0.026631
1.858634 1.957506 0.017527
1.979469 1.907947 0.017001
1.904498 2.043655 0.014017
2.091713 2.037668 0.016437
1.995912 2.161002 0.016205
1.826884 2.140615 0.015022
2.130585 2.045090 0.011605
1.920458 2.008555 0.010620
1.950466 2.039148 0.016343
1.931430 1.846298 0.020536
1.976509 1.919215 0.013038
1.829118 1.884586 0.021569
1.948540 2.041514 0.021614
1.963458 2.005880 0.009077
1.963264 1.869855 0.013327
1.876784 1.986649 0.014328
1.886421 1.903039 0.017558
1.904009 2.028883 0.014043
1.852552 1.998261 0.014522
1.934904 1.894559 0.013182
1.906459 1.916085 0.013109
1.957695 1.831876 0.015707
2 16 4096
2.977342 2.919457 0.016205
2.902654 2.911664 0.030049
2.845209 3.000556 0.019351
3.061774 2.983979 0.023115
2.922089 2.979720 0.009899
3.099080 3.005704 0.010860
2.947255 2.903883 0.011520
2.909336 2.945122 0.012685
2.923108 2.875499 0.016703
2.970432 3.081507 0.022104
3.093231 2.850320 0.019205
3.122858 2.883324 0.010664
3.005253 2.887002 0.016063
2.825857 2.901515 0.010314
2.916815 2.852122 0.012193
2.963745 2.917103 0.012714
2.876667 2.926494 0.013920
3.085836 2.895239 0.013508
2.893731 2.897644 0.014595
2.847882 2.889368 0.010338
2.915194 2.989187 0.018986
2.874341 3.123436 0.017887
2.850580 2.862823 0.022343
2.943410 2.897664 0.009835
2.913049 2.897642 0.027967
2 24 4096
4.037408 4.085075 0.013674
3.984076 4.029756 0.025558
4.035284 4.218480 0.011983
4.167551 4.151117 0.022318
4.145082 4.030394 0.020173
4.155396 4.039271 0.018745
4.116036 4.059562 0.020180
4.210690 4.121929 0.014323
4.199433 4.178333 0.019931
4.292554 4.157855 0.016287
4.056415 4.073484 0.013458
4.281101 4.161357 0.021032
4.215494 4.142562 0.018899
4.092675 4.099328 0.018479
4.195817 4.036326 0.013361
4.072145 3.986273 0.014094
4.251815 4.146763 0.011680
4.097460 4.155168 0.018306
4.109462 4.148983 0.009663
4.077212 4.205200 0.016428
4.019275 4.014147 0.012907
4.099093 4.042655 0.012829
4.054773 4.030082 0.011076
4.142648 4.042681 0.027054
4.178433 4.255474 0.015467
4 1 4096
0.855481 0.844970 0.011879
0.930438 0.873376 0.014402
0.850024 0.832331 0.020621
0.852343 0.835103 0.014254
0.846002 0.841787 0.009541
0.852425 0.838422 0.016527
0.844152 0.838765 0.017902
0.927757 0.834884 0.015081
0.847710 0.831965 0.018799
0.845286 0.829728 0.013103
0.849026 0.837844 0.019365
0.854870 0.848863 0.012006
0.859692 0.832543 0.011388
0.846527 0.838739 0.009056
0.856823 0.851625 0.011186
0.848836 0.841701 0.015120
0.873062 0.834860 0.012801
0.930037 0.826745 0.010039
0.847274 0.838220 0.011050
0.853774 0.831948 0.014535
0.846546 0.835761 0.018118
0.849106 0.835016 0.010706
0.849902 0.832358 0.016652
0.844756 0.835121 0.012191
0.939033 0.845121 0.025132
4 2 4096
0.838944 0.850733 0.009676
0.831161 0.850085 0.023884
0.837701 0.850670 0.010875
0.836047 0.839112 0.015106
0.815686 0.842444 0.013927
0.826062 0.836570 0.012826
0.845168 0.842825 0.012660
0.825009 0.841316 0.021922
0.819082 0.838339 0.013390
0.849853 0.853847 0.027187
0.829901 0.777724 0.008901
0.834691 0.838130 0.014292
0.816323 0.838906 0.014015
0.835124 0.864242 0.018432
0.835627 0.845600 0.013527
0.831361 0.836781 0.015248
0.835221 0.844987 0.010368
0.826909 0.836679 0.025881
0.830438 0.838272 0.014855
0.779613 0.861785 0.027268
0.825762 0.842011 0.020653
0.828972 0.839314 0.010043
0.840612 0.841729 0.012323
0.826579 0.839691 0.012022
0.830680 0.833535 0.018857
4 4 4096
0.863110 0.844099 0.010050
0.832086 0.833403 0.015853
0.828479 0.868160 0.016199
0.855101 0.846897 0.012246
0.851374 0.863742 0.023723
0.829022 0.849095 0.010314
0.826432 0.810218 0.016490
0.854911 0.856952 0.019379
0.828725 0.865569 0.009710
0.852157 0.831069 0.034457
0.857071 0.839601 0.011364
0.843510 0.875156 0.011650
0.827493 0.843264 0.016706
0.850773 0.865133 0.008859
0.862789 0.874866 0.032191
0.854484 0.855038 0.015002
0.833565 0.855807 0.017325
0.863783 0.825816 0.015275
0.829942 0.847744 0.012096
0.829776 0.830265 0.011903
0.860934 0.828357 0.013365
0.854148 0.858558 0.014996
0.827916 0.857604 0.018458
0.831229 0.857838 0.010109
0.853832 0.841607 0.014853
4 8 4096
0.992530 0.963218 0.019635
1.001440 0.921459 0.011026
0.942979 0.959511 0.016798
1.011093 0.999824 0.009598
0.970329 0.995063 0.010318
0.958005 1.010627 0.024669
0.991889 0.984140 0.011183
0.984676 0.989934 0.015524
0.941963 0.944109 0.014086
0.994680 0.940457 0.008424
0.941367 0.944032 0.018028
0.942659 0.971605 0.019032
0.988687 0.971208 0.013274
1.000710 0.949797 0.025088
1.037763 0.984915 0.010949
1.000395 0.991537 0.011303
0.949188 0.945841 0.020419
0.993077 0.989089 0.012908
1.005827 0.977098 0.009935
0.995647 0.950850 0.024154
0.993140 0.996244 0.009982
0.960453 0.993194 0.012656
0.970389 0.964474 0.013283
1.029328 1.003932 0.013414
0.962372 1.009385 0.020856
4 16 4096
1.444267 1.525846 0.012637
1.536193 1.540289 0.018109
1.467074 1.521387 0.017717
1.460198 1.443022 0.010233
1.492004 1.457443 0.010424
1.477852 1.487263 0.023109
1.441465 1.497085 0.012067
1.518320 1.533724 0.019976
1.509045 1.466186 0.015219
1.450475 1.509240 0.013205
1.490896 1.517067 0.009142
1.523748 1.500286 0.014621
1.475223 1.448990 0.015168
1.522696 1.537648 0.021110
1.481716 1.509167 0.022918
1.491149 1.473451 0.009454
1.501587 1.541488 0.011626
1.459426 1.490726 0.011053
1.491972 1.468768 0.012450
1.508120 1.511255 0.010104
1.494271 1.491518 0.011094
1.459345 1.479352 0.012435
1.456422 1.484639 0.015399
1.489115 1.557711 0.020353
1.486246 1.425806 0.009658
4 24 4096
2.044632 2.095477 0.013274
1.990223 2.094118 0.020653
2.011396 2.032812 0.017922
2.026744 2.084209 0.009756
2.068823 2.054788 0.014308
2.053734 2.087118 0.013718
2.020587 2.076525 0.011146
1.963396 2.000186 0.016097
2.027254 2.076889 0.034916
1.917412 2.085655 0.008885
1.922104 2.009063 0.013657
2.044244 2.040473 0.010764
1.929180 2.037844 0.013219
2.021051 1.993820 0.014981
2.052396 1.998218 0.013625
1.966343 2.045406 0.015732
2.028140 2.068625 0.015408
1.939080 2.028690 0.013204
2.060199 1.999495 0.023715
2.054764 2.046441 0.011811
1.982933 2.014899 0.016265
2.052485 1.999153 0.012515
2.043555 2.057332 0.017368
1.960988 2.057155 0.011513
2.037344 2.064120 0.012928
8 1 4096
0.485355 0.476113 0.010969
0.503399 0.429628 0.018653
[n008:16702] *** Process received signal ***
[n008:16702] Signal: Floating point exception (8)
[n008:16702] Signal code: Integer divide-by-zero (1)
[n008:16702] Failing at address: 0x4201b0
[n008:16702] [ 0] /lib64/libpthread.so.0(+0xf370)[0x7f618007e370]
[n008:16702] [ 1] /home/cchavez/CS-PARALELOS-2017/ProyectoFinal/bin/invest/run[0x4201b0]
[n008:16702] [ 2] /home/cchavez/CS-PARALELOS-2017/ProyectoFinal/bin/invest/run[0x4201ee]
[n008:16702] [ 3] /home/cchavez/CS-PARALELOS-2017/ProyectoFinal/bin/invest/run[0x405bc7]
[n008:16702] [ 4] /home/cchavez/CS-PARALELOS-2017/ProyectoFinal/bin/invest/run[0x401df4]
[n008:16702] [ 5] /lib64/libpthread.so.0(+0x7dc5)[0x7f6180076dc5]
[n008:16702] [ 6] /lib64/libc.so.6(clone+0x6d)[0x7f617f7ae73d]
[n008:16702] *** End of error message ***
--------------------------------------------------------------------------
mpiexec noticed that process rank 1 with PID 0 on node n008 exited on signal 8 (Floating point exception).
--------------------------------------------------------------------------
0.485314 0.464871 0.027163
0.479863 0.475382 0.014328
0.483323 0.465823 0.016148
0.486825 0.467918 0.014823
0.484526 0.431764 0.009560
0.481522 0.421160 0.022538
0.468959 0.476089 0.026766
[n008:17180] *** Process received signal ***
[n008:17180] Signal: Segmentation fault (11)
[n008:17180] Signal code:  (128)
[n008:17180] Failing at address: (nil)
