1 1 16392
13.440782 13.196729 0.013049
13.490913 13.231998 0.017254
13.436234 13.302496 0.016334
13.425541 13.234906 0.021010
13.498148 13.238563 0.010947
13.499892 13.215439 0.016942
13.458950 13.190260 0.014465
13.484381 13.261865 0.019701
13.511599 13.187232 0.017926
13.417502 13.259576 0.014314
13.553398 13.400257 0.016461
13.485980 13.385467 0.014130
13.491696 13.263978 0.012847
13.436114 13.275854 0.019365
13.443076 13.297142 0.021098
13.454332 13.222323 0.015516
13.404953 13.218486 0.009680
13.498576 13.289786 0.012587
13.515152 13.258613 0.017284
13.532025 13.435729 0.013899
13.408794 13.298843 0.018077
13.453615 13.225305 0.016462
13.463015 13.347343 0.024549
13.395611 13.243075 0.014257
13.410667 13.283930 0.023901
1 2 16392
12.208704 12.375091 0.017214
12.247204 12.331321 0.021327
12.235379 12.478164 0.013810
12.297589 12.427755 0.015996
12.228761 12.363053 0.017673
12.314999 12.472905 0.024782
12.404660 12.444932 0.017607
12.247806 12.411715 0.013756
12.236961 12.376351 0.020854
12.248329 12.392964 0.019766
12.264198 12.401821 0.016821
12.395844 12.413235 0.017688
12.259749 12.341787 0.013599
12.263120 12.441739 0.020282
12.224199 12.362772 0.014289
12.325511 12.439861 0.011283
12.283946 12.440326 0.014318
12.293205 12.438218 0.023774
12.307079 12.403004 0.011746
12.261578 12.401642 0.010280
12.344838 12.486300 0.015124
12.261000 12.400850 0.019129
12.386291 12.441653 0.014430
12.247824 12.370842 0.018398
12.159793 12.323041 0.023211
1 4 16392
12.051781 12.479423 0.013423
12.008108 12.414028 0.017934
12.112958 12.062952 0.016221
11.990435 12.462178 0.025848
12.101435 11.982733 0.038595
11.974367 12.534875 0.016643
12.573235 12.431969 0.018344
12.019765 12.497819 0.017573
12.073205 12.855437 0.008467
12.059182 12.827266 0.012724
12.006545 12.513155 0.024513
12.040245 12.817702 0.021064
11.994341 12.500741 0.013441
12.140774 12.582845 0.016035
12.023527 12.000725 0.016762
12.022421 12.446774 0.022361
12.027530 12.031119 0.012561
12.034847 12.812775 0.015951
12.562702 12.532382 0.022668
12.011969 12.060887 0.020845
12.550140 12.906132 0.010868
12.161099 12.529844 0.014464
12.010653 12.013094 0.019067
12.041173 12.461531 0.021489
11.914429 12.414879 0.011791
1 8 16392
12.914515 13.044109 0.019114
12.870934 13.045457 0.012293
12.767949 12.950161 0.042532
12.783698 13.026610 0.015146
12.685738 12.844716 0.024337
12.788627 12.914415 0.026331
12.769300 13.044792 0.015153
13.221847 13.208838 0.016422
12.891055 12.896804 0.021481
12.792498 13.076812 0.018363
12.680452 12.943099 0.015471
12.999194 13.326309 0.017466
12.729080 13.280698 0.015569
12.690382 13.044170 0.016258
13.067960 13.087507 0.013703
12.881203 12.986345 0.020497
12.852627 13.004048 0.017942
13.065207 13.257408 0.021341
13.143407 12.882588 0.012411
12.783703 13.540524 0.013907
12.603285 13.034558 0.012920
12.906283 12.894294 0.022564
12.783614 13.296812 0.015743
13.184913 13.440991 0.024688
12.787838 13.031223 0.012773
1 16 16392
14.900399 14.785585 0.015625
14.862152 14.907109 0.035692
14.677898 14.969089 0.025590
14.940316 15.068054 0.015128
14.924860 15.016891 0.013366
14.976514 14.914249 0.011952
14.789666 14.730470 0.023339
14.767452 14.924324 0.016013
15.100786 14.936610 0.012527
14.945829 14.997408 0.019169
14.804947 14.773127 0.017366
14.787452 14.931858 0.013093
14.663417 14.858394 0.018146
14.975532 14.844836 0.016719
14.956282 14.946084 0.032459
14.646710 14.853386 0.017804
14.813808 14.887841 0.023289
14.792831 14.872483 0.012855
14.840958 14.890097 0.024596
14.956856 14.831995 0.022898
14.999442 14.814399 0.014811
14.924505 14.881106 0.016622
14.880339 15.223817 0.014262
14.756825 14.869179 0.016305
14.768564 14.777792 0.011236
1 24 16392
19.076974 19.142031 0.017837
19.320807 19.297674 0.014681
19.050885 19.302092 0.035922
19.191801 19.010687 0.019970
19.049817 19.059681 0.024873
19.069934 19.247418 0.018321
19.270697 19.263618 0.025421
19.087522 19.341898 0.013203
19.038042 19.161880 0.012293
19.254254 19.253431 0.018340
19.224770 19.146917 0.016347
19.012824 19.134480 0.011625
19.088641 19.110107 0.029323
19.069086 19.109434 0.012005
19.392294 19.542205 0.024741
19.351817 19.199665 0.018978
19.103427 19.366762 0.014133
18.993785 19.313681 0.016634
19.090704 19.204225 0.013171
19.120376 19.138290 0.021088
19.052935 19.209984 0.018492
19.094645 19.153470 0.016702
19.044928 19.171228 0.013667
19.310487 19.188315 0.015582
19.228521 19.019303 0.016278
2 1 16392
6.802011 6.805150 0.021794
6.750428 6.637437 0.015320
6.696948 6.632627 0.014577
6.752574 6.619802 0.019332
6.710764 6.610194 0.016098
6.781053 6.777655 0.023611
6.767510 6.702577 0.015160
6.770177 6.675113 0.016337
6.721429 6.632500 0.018125
6.808529 6.732802 0.012689
6.750797 6.598231 0.012368
6.719288 6.612754 0.015535
6.842980 6.775512 0.018266
6.708900 6.653756 0.014195
6.713199 6.599672 0.008835
6.716161 6.610132 0.014844
6.821636 6.631166 0.011594
6.777494 6.620232 0.015392
6.759545 6.672386 0.016456
6.733364 6.654706 0.012814
6.744486 6.596087 0.014607
6.732242 6.657387 0.027944
6.737647 6.693860 0.014098
6.702567 6.553071 0.022434
6.732587 6.677973 0.019060
2 2 16392
6.618956 6.689430 0.012650
6.592275 6.212886 0.019213
6.123082 6.649519 0.020663
6.204997 6.245787 0.014755
6.609844 6.197496 0.012238
6.200144 6.235577 0.017141
6.585816 6.558129 0.020588
6.189187 6.256215 0.014707
6.131435 6.216112 0.013039
6.619303 6.663169 0.020005
6.259774 6.249598 0.014179
6.138549 6.653065 0.016889
6.148996 6.693001 0.015728
6.131281 6.201003 0.026626
6.601275 6.675206 0.012224
6.136324 6.647272 0.015991
6.157317 6.194220 0.011422
6.133817 6.666291 0.019885
6.564065 6.657024 0.021335
6.150276 6.684049 0.027174
6.148848 6.684413 0.027284
6.547666 6.164028 0.015108
6.585843 6.654458 0.019771
6.681196 6.707347 0.015290
6.124227 6.213444 0.035836
2 4 16392
6.762362 6.547576 0.018512
6.647356 6.855226 0.015427
6.614990 6.627735 0.008611
6.624938 6.609537 0.012358
6.792889 6.712814 0.012841
6.640620 6.885873 0.018397
6.555048 6.559709 0.016086
6.506391 6.696410 0.016229
6.773382 6.668481 0.013165
6.696397 6.580149 0.017943
6.750000 6.952296 0.014391
6.580144 6.756657 0.013179
6.525609 6.578822 0.016914
6.590846 6.802815 0.020401
6.819420 6.839779 0.020393
6.633543 6.659772 0.014211
6.763109 6.715373 0.016778
6.725236 6.869362 0.014079
6.654061 6.522855 0.028968
6.644951 6.691139 0.012778
6.710274 6.951400 0.015391
6.601962 6.673019 0.014506
6.904234 6.963209 0.014692
6.560961 6.786497 0.018755
6.592679 6.867897 0.013352
2 8 16392
7.601695 7.749622 0.026658
7.519652 7.942891 0.017094
7.826476 7.527169 0.026011
7.679340 7.850747 0.016039
7.465498 7.588234 0.009061
7.433006 7.714352 0.022075
7.722210 7.557621 0.012683
8.003837 8.309497 0.019741
7.639656 7.800752 0.020032
7.782006 7.513759 0.014495
7.846299 7.741281 0.022077
7.565613 7.902362 0.010232
7.797238 7.885226 0.018265
7.492876 7.662960 0.018717
7.470794 7.702947 0.016381
7.719565 7.550987 0.018090
7.443279 7.755211 0.018181
7.429516 7.379854 0.016717
7.694870 7.991085 0.018186
7.633584 7.937267 0.017273
7.727769 7.813306 0.011456
7.896569 7.634707 0.014489
7.463223 7.918362 0.018027
7.509331 7.442729 0.017778
7.468844 7.691017 0.013579
2 16 16392
11.740266 11.579337 0.022220
12.034205 11.752022 0.012824
11.990947 11.758041 0.014584
11.716864 11.732068 0.013220
11.542476 11.955720 0.016567
11.610049 11.936904 0.014996
11.899036 11.671936 0.014173
11.550477 11.716557 0.023513
11.873142 11.767124 0.029128
11.813008 11.810151 0.028120
11.754498 11.850544 0.016626
12.236485 11.795549 0.012004
11.604654 11.730531 0.013441
12.016240 11.708072 0.013084
11.755935 12.061068 0.017053
11.597882 11.885719 0.009257
11.770393 12.434355 0.011104
11.962815 11.692782 0.014974
11.750631 11.894024 0.014062
11.823261 11.838227 0.016597
11.940735 11.645159 0.015830
11.924363 11.564008 0.012876
11.581566 11.749188 0.013959
11.995841 11.909828 0.018998
11.641932 11.805720 0.027111
2 24 16392
16.557584 16.994977 0.031791
16.678015 16.701751 0.014555
16.723282 16.447460 0.011864
16.377574 16.405256 0.017387
16.654906 16.590576 0.013802
16.825888 16.813354 0.010832
16.524629 16.669124 0.011655
16.420407 16.845711 0.015784
16.607434 16.735759 0.013327
16.554668 16.627209 0.024904
16.737635 16.699631 0.016362
16.635942 16.485315 0.027440
16.388593 16.674324 0.016578
16.688299 16.734470 0.017352
16.709010 16.822845 0.029577
16.698791 16.774337 0.015210
16.632776 16.371665 0.021576
16.583876 16.548493 0.012098
16.648790 16.580567 0.012591
16.626529 16.573989 0.018002
16.374943 16.784612 0.015848
16.560635 16.383182 0.015399
16.498858 16.666589 0.021443
16.428888 16.550804 0.022500
16.413622 16.579429 0.012979
4 1 16392
3.390495 3.359948 0.015737
3.368368 3.323100 0.022705
3.372875 3.379331 0.009422
3.352351 3.318040 0.027603
3.480695 3.330455 0.010026
3.398523 3.358627 0.010557
3.372885 3.347672 0.018964
3.367565 3.335712 0.013494
3.400064 3.392576 0.015750
3.399618 3.304288 0.022284
3.352789 3.321810 0.018224
3.489735 3.336469 0.012489
3.378428 3.312437 0.012112
3.373377 3.336607 0.017770
3.355659 3.316566 0.016507
3.369530 3.312385 0.010421
3.401588 3.363633 0.010044
3.363423 3.300643 0.010066
3.378295 3.346827 0.010954
3.368996 3.330951 0.011640
3.399707 3.330523 0.008134
3.457728 3.319106 0.011364
3.363041 3.338256 0.012620
3.504017 3.309935 0.018818
3.356555 3.320682 0.015004
4 2 16392
3.323182 3.347241 0.013596
3.305782 3.338438 0.023672
3.296751 3.331127 0.009016
3.069038 3.340989 0.012565
3.100855 3.333241 0.013387
3.313602 3.350384 0.010895
3.346845 3.353934 0.015309
3.080772 3.339989 0.014318
3.304057 3.333616 0.013646
3.342565 3.357537 0.018743
3.323447 3.348428 0.020006
3.179303 3.339109 0.016411
3.312095 3.332683 0.021306
3.108426 3.322561 0.020516
3.320335 3.349167 0.019972
3.308770 3.351696 0.013802
3.319900 3.355325 0.009026
3.295787 3.340861 0.010385
3.304814 3.332816 0.011404
3.356840 3.360534 0.033756
3.320580 3.246465 0.012441
3.307525 3.344110 0.017458
3.311836 3.355142 0.024688
3.297648 3.339945 0.009700
3.353714 3.347569 0.014687
4 4 16392
3.325327 3.391803 0.008590
3.342605 3.391123 0.016995
3.385011 3.292434 0.012634
3.388349 3.390183 0.018248
3.288472 3.386911 0.021489
3.384149 3.315039 0.009085
3.285581 3.302616 0.013796
3.288292 3.386965 0.010248
3.288830 3.370857 0.012044
3.366829 3.396493 0.010763
3.380663 3.282586 0.018246
3.278303 3.447381 0.018077
3.386720 3.383011 0.017925
3.389285 3.307732 0.015499
3.262833 3.391214 0.016169
3.368508 3.301774 0.011865
3.370190 3.401127 0.017096
3.381219 3.368378 0.015993
3.289886 3.347118 0.023940
3.303591 3.311983 0.013053
3.418101 3.291116 0.015311
3.302624 3.303078 0.009818
3.370096 3.396549 0.017871
3.252458 3.392374 0.018579
3.303591 3.311983 0.013053
4 8 16392
3.958431 3.695223 0.013539
3.775593 3.840521 0.024031
3.772197 3.965419 0.011009
3.799823 3.871821 0.013856
3.693801 4.060531 0.012002
3.860895 3.794159 0.016517
3.820653 3.817091 0.016750
3.794071 3.838039 0.011601
3.890565 3.825462 0.025242
3.717295 3.890974 0.015855
3.905861 3.872055 0.033057
3.736775 3.847864 0.022062
3.849957 3.916197 0.012230
3.754891 3.926861 0.008739
3.887151 3.747855 0.010781
3.750324 3.902623 0.012327
3.801835 3.886340 0.015007
3.795675 3.879795 0.016685
3.823404 3.887299 0.017677
3.834270 3.894403 0.011094
3.719862 3.897076 0.014996
3.855043 3.868966 0.013646
3.756739 3.852902 0.014151
3.876429 3.819580 0.013724
3.792245 3.860850 0.018143
4 16 16392
5.962527 6.084077 0.023948
5.926952 6.061567 0.021559
6.010616 6.074859 0.018163
6.046081 6.052006 0.015460
5.913200 6.045232 0.019790
5.760475 5.900587 0.022554
5.854353 6.077589 0.009123
5.985177 5.942997 0.015624
5.989005 5.957892 0.013960
5.995780 6.147110 0.010385
5.908846 6.151928 0.012939
5.880864 5.904441 0.014997
5.849676 5.970059 0.020797
5.837166 5.795214 0.019356
5.828785 5.950710 0.019519
6.047846 5.976847 0.016720
5.883933 6.142044 0.011222
6.027945 5.876604 0.017439
5.869483 6.025260 0.011216
5.958970 5.979040 0.014705
5.910218 6.055254 0.014781
5.955033 6.155015 0.012762
5.903677 5.957746 0.024918
6.017559 6.001700 0.014143
6.039082 5.905673 0.017689
4 24 16392
8.110112 8.306896 0.009194
8.108070 8.325771 0.008865
8.056504 8.358989 0.014594
8.267676 8.375302 0.011808
8.266237 8.348569 0.010657
8.217475 8.320219 0.012818
8.041230 8.316700 0.010309
8.131097 8.229115 0.024540
8.167249 8.185892 0.022901
8.009684 8.259313 0.010765
8.248902 8.285527 0.013423
8.157612 8.242212 0.009577
8.286608 8.211339 0.014051
8.263857 8.335323 0.018626
8.221393 8.294660 0.016807
8.431965 8.310297 0.014184
8.353213 8.363735 0.016043
8.203759 8.263057 0.014134
8.245391 8.208801 0.021611
8.221633 8.277781 0.023818
8.412601 8.385808 0.016718
8.206966 8.297102 0.011307
8.410863 8.304614 0.012889
8.036612 8.209173 0.026188
8.294293 8.361201 0.013646
