2 8 4096
13.623914 14.040382 0.130881
13.776963 13.825012 0.136040
13.676642 14.931490 0.056404
2 16 4096
20.761952 20.399201 0.532380
21.447681 21.767450 0.191719
21.436814 20.529854 0.135118
2 24 4096
29.357657 29.004728 0.194711
28.677200 28.824142 0.210703
29.249215 29.116100 0.108634
4 1 4096
6.153369 6.129580 0.196560
6.130852 6.112604 0.103357
6.158340 6.118264 0.209908
4 2 4096
5.901895 6.037077 0.223067
5.512327 5.936960 0.210978
5.904286 6.040776 0.164349
4 4 4096
5.828020 6.038827 0.128916
5.966579 6.025515 0.228575
5.935799 5.962123 0.090574
4 8 4096
6.656914 6.818340 0.107258
6.661608 6.848253 0.141364
6.670637 6.809084 0.102259
4 16 4096
10.455081 10.535623 0.105771
10.235549 10.423913 0.160748
10.100287 10.252824 0.096335
4 24 4096
14.487106 14.433282 0.103008
14.490804 14.417761 0.148023
14.491462 14.382189 0.163145
6 1 4096
4.132944 4.623961 0.054163
4.116493 4.671894 0.102161
4.125445 4.618924 0.116719
6 2 4096
4.288715 4.116355 0.196796
4.287961 4.047994 0.216210
4.180883 4.467817 0.187676
6 4 4096
4.143477 4.271541 0.086340
4.137363 4.144904 0.257731
4.130683 4.155690 0.227455
6 8 4096
5.826404 5.689651 0.187466
5.827321 5.872997 0.105198
5.969665 5.838136 0.096775
6 16 4096
9.659415 9.887805 0.117716
10.017400 9.982416 0.280175
9.872497 9.868377 0.135093
6 24 4096
14.036191 14.126201 0.146923
13.906152 14.114238 0.082657
13.889006 14.098429 0.109713
